-4.519894939783021925e+00
-2.312384023455189563e+00
-1.758621154075211024e+00
-1.413882439938330293e+00
-1.159664171521921361e+00
-9.593316228458466099e-01
-7.922417543343946988e-01
-6.525844761107180148e-01
-5.353972860338647166e-01
-4.290188928795579670e-01
-3.357779622017265098e-01
-2.403639611420587130e-01
-1.713939710494010171e-01
-9.641207824969733053e-02
-3.471324524145025237e-02
1.967147588177198259e-02
8.171062416946028861e-02
1.320858064059979853e-01
1.855176287512403377e-01
2.227938819359245315e-01
2.752737271784049256e-01
3.188236335707248514e-01
3.568123127140161444e-01
3.935408788804419800e-01
4.350030099850226151e-01
4.589303789577368065e-01
4.861191675511982169e-01
5.228132670918022029e-01
5.545629291684477380e-01
5.810953210104088384e-01
6.038374048923156323e-01
6.312291795268016870e-01
6.595637048629932053e-01
6.748548921275947521e-01
7.077734188847557562e-01
7.234972411352700306e-01
7.455013038720768037e-01
7.608106999442263430e-01
7.879359559214229591e-01
7.975630799369266555e-01
8.202727993589107314e-01
8.401397917338400134e-01
8.546058427191169926e-01
8.798169077510085145e-01
8.825959343156153381e-01
9.037978361539966699e-01
9.217121874542968385e-01
9.282783751999659216e-01
9.556736148188544888e-01
9.649747160913157984e-01
9.724877592007672433e-01
9.893512466092762025e-01
1.001717794470033951e+00
1.009902057688567112e+00
1.008298675667344213e+00
1.042973952869850507e+00
1.047305798660495668e+00
1.060824325415515190e+00
1.061899401670290288e+00
1.080041778073569603e+00
1.079624589915662014e+00
1.086583050514532189e+00
1.101019725456154674e+00
1.097882009158345440e+00
1.104808720570090941e+00
1.130424070680383863e+00
1.132895580932002488e+00
1.124517249743245628e+00
1.152834593662429796e+00
1.157332520957808697e+00
1.159476144501059736e+00
1.170606299150392715e+00
1.184463865009172778e+00
1.166275808052391838e+00
1.188641416776599513e+00
1.194706636279690315e+00
1.202340261134761334e+00
1.201809897823469697e+00
1.202399207758610089e+00
1.209023315254183828e+00
1.227348278602963916e+00
1.225355825113625841e+00
1.236394268103223837e+00
1.232437964820501719e+00
1.245030587974882863e+00
1.238836719094566163e+00
1.237126377220176821e+00
1.263281761917138368e+00
1.258718826225836196e+00
1.261654218521877979e+00
1.258781191750195205e+00
1.268369233242445659e+00
1.268810108702270512e+00
1.275573511115609904e+00
1.260716454707100809e+00
1.274305842821364720e+00
1.282702304592586273e+00
1.278431653999389184e+00
1.276081028731020695e+00
1.294396089863418808e+00
1.282893955022789356e+00
1.293168897718448562e+00
1.292975268131243638e+00
1.290976621387466494e+00
1.302181764694193333e+00
1.300359677901282041e+00
1.304659919086216036e+00
1.289946622583904912e+00
1.293491697036916577e+00
1.283852758509581804e+00
1.301140165745779953e+00
1.293620845945788744e+00
1.294913253233922035e+00
1.290461489373498694e+00
1.294654638116426781e+00
1.290010966437479922e+00
1.283852758509581804e+00
1.292781676029196802e+00
1.297049383767527431e+00
1.280214185665673909e+00
1.293814600588433450e+00
1.285132594865245892e+00
1.291298713701907630e+00
1.293362564805333292e+00
1.283724864916877095e+00
1.281170421992641195e+00
1.298216472015154110e+00
1.281361779033570514e+00
1.275890679439497077e+00
1.290397116525944909e+00
1.288018229622744926e+00
1.281297989284560401e+00
1.291492018899196736e+00
1.273292863943987996e+00
1.273799225116906797e+00
1.275763800038197004e+00
1.272786759042945803e+00
1.255605498679965848e+00
1.255605498679965848e+00
1.253493958956161336e+00
1.253493958956161336e+00
1.248543147432954470e+00
1.231587882797120059e+00
1.242327551558238596e+00
1.229102505832001313e+00
1.235358030163434151e+00
1.233471179729933809e+00
1.220181947611251871e+00
1.231345134889629378e+00
1.222164108815242400e+00
1.223608152387477332e+00
1.201927732030876328e+00
1.199514901670953648e+00
1.207363170203143099e+00
1.192544599617830769e+00
1.189223015024934327e+00
1.184290178512860336e+00
1.163947386067349044e+00
1.164912171477446634e+00
1.159363207576213028e+00
1.158234539284837439e+00
1.152890693070595773e+00
1.144343871219748010e+00
1.130863004079287748e+00
1.126646245825405401e+00
1.107861013496453495e+00
1.108826834250823623e+00
1.108934205271488338e+00
1.101499226783969831e+00
1.094542399915948039e+00
1.073335751330883880e+00
1.074579983955500140e+00
1.048821333176388038e+00
1.047659217996210756e+00
1.050592364632342068e+00
1.030933740474686999e+00
1.007231180782140356e+00
9.999348762769830756e-01
9.826095413521152011e-01
9.832722005328946580e-01
9.769945974944000966e-01
9.517661926501030933e-01
9.413598915306486958e-01
9.242531450233695267e-01
8.935734655044669239e-01
8.906774811157180949e-01
8.730937642617302430e-01
8.470160669494308792e-01
8.299741568237966050e-01
8.119404192993453506e-01
7.907440700911969600e-01
7.453893238790509912e-01
7.274488031173973468e-01
7.043284806086305139e-01
6.771183213171205750e-01
6.247901782230265155e-01
5.789757042785819152e-01
5.136829563752254302e-01
4.304162216993141499e-01
2.142430540951636431e-01
2.142430540951636431e-01
4.304162216993141499e-01
5.136829563752254302e-01
5.789757042785819152e-01
6.247901782230265155e-01
6.771183213171205750e-01
7.043284806086305139e-01
7.274488031173973468e-01
7.453893238790509912e-01
7.907440700911969600e-01
8.119404192993453506e-01
8.299741568237966050e-01
8.470160669494308792e-01
8.730937642617302430e-01
8.906774811157180949e-01
8.935734655044669239e-01
9.242531450233695267e-01
9.413598915306486958e-01
9.517661926501030933e-01
9.769945974944000966e-01
9.832722005328946580e-01
9.826095413521152011e-01
9.999348762769830756e-01
1.007231180782140356e+00
1.030933740474686999e+00
1.050592364632342068e+00
1.047659217996210756e+00
1.048821333176388038e+00
1.074579983955500140e+00
1.073335751330883880e+00
1.094542399915948039e+00
1.101499226783969831e+00
1.108934205271488338e+00
1.108826834250823623e+00
1.107861013496453495e+00
1.126646245825405401e+00
1.130863004079287748e+00
1.144343871219748010e+00
1.152890693070595773e+00
1.158234539284837439e+00
1.159363207576213028e+00
1.164912171477446634e+00
1.163947386067349044e+00
1.184290178512860336e+00
1.189223015024934327e+00
1.192544599617830769e+00
1.207363170203143099e+00
1.199514901670953648e+00
1.201927732030876328e+00
1.223608152387477332e+00
1.222164108815242400e+00
1.231345134889629378e+00
1.220181947611251871e+00
1.233471179729933809e+00
1.235358030163434151e+00
1.229102505832001313e+00
1.242327551558238596e+00
1.231587882797120059e+00
1.248543147432954470e+00
1.253493958956161336e+00
1.253493958956161336e+00
1.255605498679965848e+00
1.255605498679965848e+00
1.272786759042945803e+00
1.275763800038197004e+00
1.273799225116906797e+00
1.273292863943987996e+00
1.291492018899196736e+00
1.281297989284560401e+00
1.288018229622744926e+00
1.290397116525944909e+00
1.275890679439497077e+00
1.281361779033570514e+00
1.298216472015154110e+00
1.281170421992641195e+00
1.283724864916877095e+00
1.293362564805333292e+00
1.291298713701907630e+00
1.285132594865245892e+00
1.293814600588433450e+00
1.280214185665673909e+00
1.297049383767527431e+00
1.292781676029196802e+00
1.283852758509581804e+00
1.290010966437479922e+00
1.294654638116426781e+00
1.290461489373498694e+00
1.294913253233922035e+00
1.293620845945788744e+00
1.301140165745779953e+00
1.283852758509581804e+00
1.293491697036916577e+00
1.289946622583904912e+00
1.304659919086216036e+00
1.300359677901282041e+00
1.302181764694193333e+00
1.290976621387466494e+00
1.292975268131243638e+00
1.293168897718448562e+00
1.282893955022789356e+00
1.294396089863418808e+00
1.276081028731020695e+00
1.278431653999389184e+00
1.282702304592586273e+00
1.274305842821364720e+00
1.260716454707100809e+00
1.275573511115609904e+00
1.268810108702270512e+00
1.268369233242445659e+00
1.258781191750195205e+00
1.261654218521877979e+00
1.258718826225836196e+00
1.263281761917138368e+00
1.237126377220176821e+00
1.238836719094566163e+00
1.245030587974882863e+00
1.232437964820501719e+00
1.236394268103223837e+00
1.225355825113625841e+00
1.227348278602963916e+00
1.209023315254183828e+00
1.202399207758610089e+00
1.201809897823469697e+00
1.202340261134761334e+00
1.194706636279690315e+00
1.188641416776599513e+00
1.166275808052391838e+00
1.184463865009172778e+00
1.170606299150392715e+00
1.159476144501059736e+00
1.157332520957808697e+00
1.152834593662429796e+00
1.124517249743245628e+00
1.132895580932002488e+00
1.130424070680383863e+00
1.104808720570090941e+00
1.097882009158345440e+00
1.101019725456154674e+00
1.086583050514532189e+00
1.079624589915662014e+00
1.080041778073569603e+00
1.061899401670290288e+00
1.060824325415515190e+00
1.047305798660495668e+00
1.042973952869850507e+00
1.008298675667344213e+00
1.009902057688567112e+00
1.001717794470033951e+00
9.893512466092762025e-01
9.724877592007672433e-01
9.649747160913157984e-01
9.556736148188544888e-01
9.282783751999659216e-01
9.217121874542968385e-01
9.037978361539966699e-01
8.825959343156153381e-01
8.798169077510085145e-01
8.546058427191169926e-01
8.401397917338400134e-01
8.202727993589107314e-01
7.975630799369266555e-01
7.879359559214229591e-01
7.608106999442263430e-01
7.455013038720768037e-01
7.234972411352700306e-01
7.077734188847557562e-01
6.748548921275947521e-01
6.595637048629932053e-01
6.312291795268016870e-01
6.038374048923156323e-01
5.810953210104088384e-01
5.545629291684477380e-01
5.228132670918022029e-01
4.861191675511982169e-01
4.589303789577368065e-01
4.350030099850226151e-01
3.935408788804419800e-01
3.568123127140161444e-01
3.188236335707248514e-01
2.752737271784049256e-01
2.227938819359245315e-01
1.855176287512403377e-01
1.320858064059979853e-01
8.171062416946028861e-02
1.967147588177198259e-02
-3.471324524145025237e-02
-9.641207824969733053e-02
-1.713939710494010171e-01
-2.403639611420587130e-01
-3.357779622017265098e-01
-4.290188928795579670e-01
-5.353972860338647166e-01
-6.525844761107180148e-01
-7.922417543343946988e-01
-9.593316228458466099e-01
-1.159664171521921361e+00
-1.413882439938330293e+00
-1.758621154075211024e+00
-2.312384023455189563e+00
-4.519894939783021925e+00
