-5.150104246927261542e+00 -2.641083190298191496e+00 -2.278692568992390921e+00 -2.127767268999883665e+00 -2.106490709887383073e+00 -2.117806025873941067e+00 -2.079352947990856126e+00 -1.927828388646951385e+00 -1.767605724433293446e+00 -1.630947471622322897e+00 -1.292768864865074585e+00 -1.014599238480684118e+00 -8.164703019772219239e-01 -6.670172284672748475e-01 -5.449078453034656988e-01 -4.544389860320485752e-01 -4.000023544765016759e-01 -3.806568700454260323e-01 -4.405887043542415782e-01 -7.293807264559915016e-01
-2.648600441871080680e+00 -1.395793852420110781e-01 2.228112360637894973e-01 3.737365360562967531e-01 3.950130951687973457e-01 3.836977791822393513e-01 4.221508570653242920e-01 5.736754164092290331e-01 7.338980806228869724e-01 8.705563334338575210e-01 1.208734940191105833e+00 1.486904566575496300e+00 1.685033503078958494e+00 1.834486576588905571e+00 1.956595959752714720e+00 2.047064819024131843e+00 2.101501450579678743e+00 2.120846935010754386e+00 2.060915100701938840e+00 1.772123078600188917e+00
-2.313542936408018225e+00 1.954781202210513769e-01 5.578687415268519523e-01 7.087940415193592081e-01 7.300706006318598007e-01 7.187552846453018063e-01 7.572083625283867470e-01 9.087329218722914881e-01 1.068955586085949427e+00 1.205613838896919976e+00 1.543792445654168288e+00 1.821962072038558755e+00 2.020091008542021171e+00 2.169544082051968026e+00 2.291653465215777175e+00 2.382122324487194298e+00 2.436558956042741197e+00 2.455904440473816841e+00 2.395972606165001295e+00 2.107180584063251594e+00
-2.208666623743549717e+00 3.003544328855198842e-01 6.627450541913204596e-01 8.136703541838277154e-01 8.349469132963283080e-01 8.236315973097703136e-01 8.620846751928552543e-01 1.013609234536759995e+00 1.173831898750417935e+00 1.310490151561388483e+00 1.648668758318636796e+00 1.926838384703027263e+00 2.124967321206489679e+00 2.274420394716436533e+00 2.396529777880245682e+00 2.486998637151662805e+00 2.541435268707209705e+00 2.560780753138285348e+00 2.500848918829469802e+00 2.212056896727720101e+00
-2.220654981268092687e+00 2.883660753609769145e-01 6.507566966667774899e-01 8.016819966592847457e-01 8.229585557717853384e-01 8.116432397852273439e-01 8.500963176683122846e-01 1.001620877012217026e+00 1.161843541225874965e+00 1.298501794036845514e+00 1.636680400794093826e+00 1.914850027178484293e+00 2.112978963681946709e+00 2.262432037191893563e+00 2.384541420355702712e+00 2.475010279627119836e+00 2.529446911182666735e+00 2.548792395613742379e+00 2.488860561304926833e+00 2.200068539203177131e+00
-2.181271520723527590e+00 3.277495359055420110e-01 6.901401572113425864e-01 8.410654572038498422e-01 8.623420163163504348e-01 8.510267003297924404e-01 8.894797782128773811e-01 1.041004337556782122e+00 1.201227001770440062e+00 1.337885254581410610e+00 1.676063861338658922e+00 1.954233487723049389e+00 2.152362424226511806e+00 2.301815497736458660e+00 2.423924880900267809e+00 2.514393740171684932e+00 2.568830371727231832e+00 2.588175856158307475e+00 2.528244021849491929e+00 2.239451999747742228e+00
-2.048566412055937480e+00 4.604546445731321214e-01 8.228452658789326968e-01 9.737705658714399526e-01 9.950471249839405452e-01 9.837318089973825508e-01 1.022184886880467491e+00 1.173709446224372233e+00 1.333932110438030172e+00 1.470590363249000720e+00 1.808768970006249033e+00 2.086938596390639500e+00 2.285067532894101916e+00 2.434520606404048770e+00 2.556629989567857919e+00 2.647098848839275043e+00 2.701535480394821942e+00 2.720880964825897586e+00 2.660949130517082040e+00 2.372157108415332338e+00
-1.803042029367791343e+00 7.059790272612782580e-01 1.068369648567078833e+00 1.219294948559586089e+00 1.240571507672086682e+00 1.229256191685528687e+00 1.267709269568613628e+00 1.419233828912518369e+00 1.579456493126176309e+00 1.716114745937146857e+00 2.054293352694394947e+00 2.332462979078785636e+00 2.530591915582247609e+00 2.680044989092194907e+00 2.802154372256004056e+00 2.892623231527421179e+00 2.947059863082968079e+00 2.966405347514043722e+00 2.906473513205228176e+00 2.617681491103478031e+00
-1.558312433930149954e+00 9.507086226989196476e-01 1.313099244004720223e+00 1.464024543997227479e+00 1.485301103109728071e+00 1.473985787123170077e+00 1.512438865006255018e+00 1.663963424350159759e+00 1.824186088563817698e+00 1.960844341374788247e+00 2.299022948132036781e+00 2.577192574516427026e+00 2.775321511019889442e+00 2.924774584529836297e+00 3.046883967693645445e+00 3.137352826965062569e+00 3.191789458520609468e+00 3.211134942951685112e+00 3.151203108642869566e+00 2.862411086541119865e+00
-1.317358586381102370e+00 1.191662470247967232e+00 1.554053091553767807e+00 1.704978391546275063e+00 1.726254950658775655e+00 1.714939634672217661e+00 1.753392712555302602e+00 1.904917271899207343e+00 2.065139936112865282e+00 2.201798188923835831e+00 2.539976795681083921e+00 2.818146422065474610e+00 3.016275358568936582e+00 3.165728432078883881e+00 3.287837815242693029e+00 3.378306674514110153e+00 3.432743306069657052e+00 3.452088790500732696e+00 3.392156956191917150e+00 3.103364934090167004e+00
-9.264152200052617747e-01 1.582605836623807827e+00 1.944996457929608402e+00 2.095921757922115880e+00 2.117198317034616473e+00 2.105883001048058034e+00 2.144336078931143419e+00 2.295860638275048160e+00 2.456083302488705655e+00 2.592741555299676648e+00 2.930920162056924738e+00 3.209089788441315427e+00 3.407218724944777399e+00 3.556671798454724254e+00 3.678781181618533402e+00 3.769250040889950526e+00 3.823686672445497869e+00 3.843032156876573069e+00 3.783100322567757523e+00 3.494308300466007822e+00
-6.147585649353712878e-01 1.894262491693698314e+00 2.256653112999498667e+00 2.407578412992005923e+00 2.428854972104506516e+00 2.417539656117948965e+00 2.455992734001033462e+00 2.607517293344938203e+00 2.767739957558596586e+00 2.904398210369566691e+00 3.242576817126815225e+00 3.520746443511205470e+00 3.718875380014667886e+00 3.868328453524615185e+00 3.990437836688424333e+00 4.080906695959841457e+00 4.135343327515387912e+00 4.154688811946464000e+00 4.094756977637648454e+00 3.805964955535898309e+00
-3.793998543179952776e-01 2.129621202311074324e+00 2.492011823616874899e+00 2.642937123609382155e+00 2.664213682721882748e+00 2.652898366735324753e+00 2.691351444618409694e+00 2.842876003962314435e+00 3.003098668175972374e+00 3.139756920986942923e+00 3.477935527744191013e+00 3.756105154128581702e+00 3.954234090632043674e+00 4.103687164141991417e+00 4.225796547305799677e+00 4.316265406577217689e+00 4.370702038132764145e+00 4.390047522563840232e+00 4.330115688255023798e+00 4.041323666153274097e+00
-1.788424723038990471e-01 2.330178584325170554e+00 2.692569205630971130e+00 2.843494505623478386e+00 2.864771064735978978e+00 2.853455748749420984e+00 2.891908826632505924e+00 3.043433385976410666e+00 3.203656050190068605e+00 3.340314303001039153e+00 3.678492909758287688e+00 3.956662536142677933e+00 4.154791472646140349e+00 4.304244546156087203e+00 4.426353929319896352e+00 4.516822788591313476e+00 4.571259420146860819e+00 4.590604904577936018e+00 4.530673070269120473e+00 4.241881048167370771e+00
-1.143978035076154143e-02 2.497581276278308060e+00 2.859971897584108635e+00 3.010897197576615891e+00 3.032173756689116484e+00 3.020858440702558489e+00 3.059311518585643430e+00 3.210836077929548171e+00 3.371058742143206111e+00 3.507716994954176659e+00 3.845895601711425194e+00 4.124065228095815883e+00 4.322194164599277855e+00 4.471647238109224709e+00 4.593756621273033858e+00 4.684225480544450981e+00 4.738662112099998325e+00 4.758007596531073524e+00 4.698075762222257978e+00 4.409283740120508277e+00
1.345844958839590433e-01 2.643605552513028645e+00 3.005996173818829220e+00 3.156921473811336476e+00 3.178198032923837069e+00 3.166882716937279074e+00 3.205335794820364015e+00 3.356860354164268756e+00 3.517083018377926695e+00 3.653741271188897244e+00 3.991919877946145334e+00 4.270089504330536023e+00 4.468218440833997995e+00 4.617671514343944850e+00 4.739780897507754887e+00 4.830249756779171122e+00 4.884686388334718465e+00 4.904031872765793665e+00 4.844100038456979007e+00 4.555308016355228418e+00
2.582088549987240356e-01 2.767229911627793637e+00 3.129620532933594212e+00 3.280545832926101468e+00 3.301822392038602061e+00 3.290507076052044066e+00 3.328960153935129007e+00 3.480484713279033748e+00 3.640707377492691688e+00 3.777365630303662236e+00 4.115544237060910326e+00 4.393713863445301016e+00 4.591842799948762988e+00 4.741295873458710730e+00 4.863405256622518991e+00 4.953874115893937002e+00 5.008310747449483458e+00 5.027656231880559545e+00 4.967724397571743111e+00 4.678932375469993410e+00
3.526901345699879897e-01 2.861711191199057591e+00 3.224101812504858167e+00 3.375027112497365422e+00 3.396303671609866015e+00 3.384988355623308021e+00 3.423441433506392961e+00 3.574965992850297702e+00 3.735188657063955642e+00 3.871846909874926190e+00 4.210025516632174281e+00 4.488195143016564970e+00 4.686324079520026942e+00 4.835777153029974684e+00 4.957886536193782945e+00 5.048355395465200957e+00 5.102792027020747412e+00 5.122137511451823499e+00 5.062205677143007065e+00 4.773413655041257364e+00
4.168295337705103520e-01 2.925850590399579954e+00 3.288241211705380529e+00 3.439166511697887785e+00 3.460443070810388377e+00 3.449127754823830383e+00 3.487580832706915324e+00 3.639105392050820065e+00 3.799328056264478004e+00 3.935986309075448553e+00 4.274164915832696643e+00 4.552334542217087332e+00 4.750463478720549304e+00 4.899916552230497047e+00 5.022025935394305307e+00 5.112494794665723319e+00 5.166931426221269774e+00 5.186276910652345862e+00 5.126345076343529428e+00 4.837553054241779726e+00
4.535907916653258987e-01 2.962611848294395500e+00 3.325002469600196076e+00 3.475927769592703331e+00 3.497204328705203924e+00 3.485889012718645930e+00 3.524342090601730870e+00 3.675866649945635611e+00 3.836089314159293551e+00 3.972747566970264099e+00 4.310926173727512634e+00 4.589095800111902435e+00 4.787224736615365295e+00 4.936677810125312149e+00 5.058787193289121298e+00 5.149256052560538421e+00 5.203692684116084877e+00 5.223038168547160964e+00 5.163106334238345418e+00 4.874314312136595717e+00
