-4.193739720462694720e+00
-2.389338770115250199e+00
-1.905070297232759557e+00
-1.591982448393824967e+00
-1.357833156297855837e+00
-1.185230254948560713e+00
-1.027187891989743918e+00
-8.995920822511038750e-01
-7.868560789972960379e-01
-6.940068109718264822e-01
-6.103306293370138746e-01
-5.291683624137064612e-01
-4.531371871358338410e-01
-3.856160797354721836e-01
-3.340693520049029530e-01
-2.743840443077907310e-01
-2.153371605781195797e-01
-1.613702700410222235e-01
-1.143995403084954177e-01
-9.006005836764963135e-02
-2.858745685191266261e-02
3.847391728893256868e-03
3.330862404374101970e-02
8.299038113080570156e-02
9.933426558792390892e-02
1.428085786619348596e-01
1.556718361991968891e-01
1.949448969555316324e-01
2.218443955825897262e-01
2.603782379244350409e-01
2.677748754598034964e-01
3.007808210413625005e-01
3.291709559597393309e-01
3.463852081722489373e-01
3.817876447538068874e-01
3.904385740915419234e-01
3.975564640401234584e-01
4.258719178858267895e-01
4.656610718116169778e-01
4.731445567983030287e-01
4.981068513582158630e-01
5.134958523218688953e-01
5.128944289351018426e-01
5.640154522801097414e-01
5.571488333716345664e-01
5.563810254254928367e-01
5.892196911940033033e-01
5.890034048300147873e-01
6.194507216376088365e-01
6.320144525572075622e-01
6.266855098605255137e-01
6.579344888042033546e-01
6.677913732976374916e-01
6.762507329002147571e-01
6.998093234334952228e-01
7.119630948175856844e-01
7.198197519757805196e-01
7.361381923650398562e-01
7.433463368927970549e-01
7.528971849657200011e-01
7.746175735580091981e-01
7.753121386145824800e-01
7.883373675636935474e-01
8.009105808340812871e-01
8.112102554236475527e-01
8.061815091941255673e-01
8.394222876175785331e-01
8.329611242871504118e-01
8.508775933259222768e-01
8.553837969706332700e-01
8.406268279531659005e-01
8.693117306801596555e-01
8.600994522244125307e-01
8.834363950032084745e-01
8.759168377358825808e-01
9.029797178144836067e-01
8.824691833986442191e-01
9.119999504569982207e-01
9.143925345910748348e-01
9.043621610088816709e-01
9.369016857782792584e-01
9.410958507931255212e-01
9.208008873520405757e-01
9.382296393929081546e-01
9.480910444239523116e-01
9.563838254406000772e-01
9.553434591378557883e-01
9.635920049921686825e-01
9.617065954046370990e-01
9.678998656073858342e-01
9.821100729114480288e-01
9.839273805899662051e-01
9.913376061970655684e-01
9.969586349416097448e-01
1.000324727484164455e+00
9.883239347739873892e-01
9.963084398601864677e-01
1.000868708349452518e+00
1.013352444717286360e+00
9.968502397325718078e-01
1.016000576023166957e+00
1.008296377670179211e+00
1.022540531716865431e+00
1.027557544302741377e+00
1.016663706020942470e+00
1.034061267608663570e+00
1.035412162782018086e+00
1.033723828766250463e+00
1.024878672291054116e+00
1.046285528490342287e+00
1.039362729464150092e+00
1.041400542916999683e+00
1.065022785674553774e+00
1.022762976384671063e+00
1.038232402679398092e+00
1.056357720771273989e+00
1.054059661619051624e+00
1.054174439237542060e+00
1.076694253367179499e+00
1.073646542650362079e+00
1.036088295329751219e+00
1.059468501550483666e+00
1.053141914623351383e+00
1.046741161258220032e+00
1.063979004773759840e+00
1.052339576337431026e+00
1.064906756202939064e+00
1.092669979212480769e+00
1.048908256488994439e+00
1.063167927734914642e+00
1.067811539515396646e+00
1.054748525021722116e+00
1.065254885014113029e+00
1.059468501550483666e+00
1.055093134754613970e+00
1.073178487411299287e+00
1.056127677061954984e+00
1.076342120022381721e+00
1.059122380981698086e+00
1.056127677061954984e+00
1.052797976528818680e+00
1.051881386180502531e+00
1.071308454140764255e+00
1.054289230031445257e+00
1.046855101895271645e+00
1.036313774473885729e+00
1.055782710692753312e+00
1.050622444669446764e+00
1.045374885285692557e+00
1.059122380981698086e+00
1.042874883983607504e+00
1.043783252389431482e+00
1.051881386180502531e+00
1.047083022124178697e+00
1.035074267864121822e+00
1.021984636433218796e+00
1.024990148797495948e+00
1.038797406366951392e+00
1.014344672349542620e+00
1.032936913993475869e+00
1.022095790771132329e+00
1.013352444717286360e+00
1.018212721599539350e+00
1.004684882636750487e+00
9.918767188307509031e-01
1.021429049997459870e+00
9.855336346163152683e-01
9.915532163747027283e-01
9.827510985744254413e-01
9.790175617824594667e-01
9.740257825253930690e-01
9.523325032214202679e-01
9.588851295065747848e-01
9.593026224674456870e-01
9.593026224674456870e-01
9.691642214812237199e-01
9.378208504245186816e-01
9.211022888713777945e-01
9.328267005142549806e-01
9.234160568167428806e-01
9.093151181377301384e-01
9.165907768831562663e-01
8.855675592313136946e-01
8.721781572558349183e-01
8.561368090544085874e-01
8.787059715468839016e-01
8.412760280687088255e-01
8.302047829610259555e-01
8.048388065800118341e-01
7.966427696082600818e-01
7.951356103176880907e-01
7.864912943393100875e-01
7.488290379872246660e-01
7.316385597419188258e-01
7.123707755277042253e-01
6.917881045223150949e-01
6.476385853291795058e-01
5.869869847315545286e-01
5.238433208472947911e-01
3.694996876755549664e-01
3.694996876755549664e-01
5.238433208472947911e-01
5.869869847315545286e-01
6.476385853291795058e-01
6.917881045223150949e-01
7.123707755277042253e-01
7.316385597419188258e-01
7.488290379872246660e-01
7.864912943393100875e-01
7.951356103176880907e-01
7.966427696082600818e-01
8.048388065800118341e-01
8.302047829610259555e-01
8.412760280687088255e-01
8.787059715468839016e-01
8.561368090544085874e-01
8.721781572558349183e-01
8.855675592313136946e-01
9.165907768831562663e-01
9.093151181377301384e-01
9.234160568167428806e-01
9.328267005142549806e-01
9.211022888713777945e-01
9.378208504245186816e-01
9.691642214812237199e-01
9.593026224674456870e-01
9.593026224674456870e-01
9.588851295065747848e-01
9.523325032214202679e-01
9.740257825253930690e-01
9.790175617824594667e-01
9.827510985744254413e-01
9.915532163747027283e-01
9.855336346163152683e-01
1.021429049997459870e+00
9.918767188307509031e-01
1.004684882636750487e+00
1.018212721599539350e+00
1.013352444717286360e+00
1.022095790771132329e+00
1.032936913993475869e+00
1.014344672349542620e+00
1.038797406366951392e+00
1.024990148797495948e+00
1.021984636433218796e+00
1.035074267864121822e+00
1.047083022124178697e+00
1.051881386180502531e+00
1.043783252389431482e+00
1.042874883983607504e+00
1.059122380981698086e+00
1.045374885285692557e+00
1.050622444669446764e+00
1.055782710692753312e+00
1.036313774473885729e+00
1.046855101895271645e+00
1.054289230031445257e+00
1.071308454140764255e+00
1.051881386180502531e+00
1.052797976528818680e+00
1.056127677061954984e+00
1.059122380981698086e+00
1.076342120022381721e+00
1.056127677061954984e+00
1.073178487411299287e+00
1.055093134754613970e+00
1.059468501550483666e+00
1.065254885014113029e+00
1.054748525021722116e+00
1.067811539515396646e+00
1.063167927734914642e+00
1.048908256488994439e+00
1.092669979212480769e+00
1.064906756202939064e+00
1.052339576337431026e+00
1.063979004773759840e+00
1.046741161258220032e+00
1.053141914623351383e+00
1.059468501550483666e+00
1.036088295329751219e+00
1.073646542650362079e+00
1.076694253367179499e+00
1.054174439237542060e+00
1.054059661619051624e+00
1.056357720771273989e+00
1.038232402679398092e+00
1.022762976384671063e+00
1.065022785674553774e+00
1.041400542916999683e+00
1.039362729464150092e+00
1.046285528490342287e+00
1.024878672291054116e+00
1.033723828766250463e+00
1.035412162782018086e+00
1.034061267608663570e+00
1.016663706020942470e+00
1.027557544302741377e+00
1.022540531716865431e+00
1.008296377670179211e+00
1.016000576023166957e+00
9.968502397325718078e-01
1.013352444717286360e+00
1.000868708349452518e+00
9.963084398601864677e-01
9.883239347739873892e-01
1.000324727484164455e+00
9.969586349416097448e-01
9.913376061970655684e-01
9.839273805899662051e-01
9.821100729114480288e-01
9.678998656073858342e-01
9.617065954046370990e-01
9.635920049921686825e-01
9.553434591378557883e-01
9.563838254406000772e-01
9.480910444239523116e-01
9.382296393929081546e-01
9.208008873520405757e-01
9.410958507931255212e-01
9.369016857782792584e-01
9.043621610088816709e-01
9.143925345910748348e-01
9.119999504569982207e-01
8.824691833986442191e-01
9.029797178144836067e-01
8.759168377358825808e-01
8.834363950032084745e-01
8.600994522244125307e-01
8.693117306801596555e-01
8.406268279531659005e-01
8.553837969706332700e-01
8.508775933259222768e-01
8.329611242871504118e-01
8.394222876175785331e-01
8.061815091941255673e-01
8.112102554236475527e-01
8.009105808340812871e-01
7.883373675636935474e-01
7.753121386145824800e-01
7.746175735580091981e-01
7.528971849657200011e-01
7.433463368927970549e-01
7.361381923650398562e-01
7.198197519757805196e-01
7.119630948175856844e-01
6.998093234334952228e-01
6.762507329002147571e-01
6.677913732976374916e-01
6.579344888042033546e-01
6.266855098605255137e-01
6.320144525572075622e-01
6.194507216376088365e-01
5.890034048300147873e-01
5.892196911940033033e-01
5.563810254254928367e-01
5.571488333716345664e-01
5.640154522801097414e-01
5.128944289351018426e-01
5.134958523218688953e-01
4.981068513582158630e-01
4.731445567983030287e-01
4.656610718116169778e-01
4.258719178858267895e-01
3.975564640401234584e-01
3.904385740915419234e-01
3.817876447538068874e-01
3.463852081722489373e-01
3.291709559597393309e-01
3.007808210413625005e-01
2.677748754598034964e-01
2.603782379244350409e-01
2.218443955825897262e-01
1.949448969555316324e-01
1.556718361991968891e-01
1.428085786619348596e-01
9.933426558792390892e-02
8.299038113080570156e-02
3.330862404374101970e-02
3.847391728893256868e-03
-2.858745685191266261e-02
-9.006005836764963135e-02
-1.143995403084954177e-01
-1.613702700410222235e-01
-2.153371605781195797e-01
-2.743840443077907310e-01
-3.340693520049029530e-01
-3.856160797354721836e-01
-4.531371871358338410e-01
-5.291683624137064612e-01
-6.103306293370138746e-01
-6.940068109718264822e-01
-7.868560789972960379e-01
-8.995920822511038750e-01
-1.027187891989743918e+00
-1.185230254948560713e+00
-1.357833156297855837e+00
-1.591982448393824967e+00
-1.905070297232759557e+00
-2.389338770115250199e+00
-4.193739720462694720e+00
