-4.689982791895751291e+00
-2.732757556131337751e+00
-2.217985351127895299e+00
-1.888668370396077378e+00
-1.647812113550992663e+00
-1.452949390872079860e+00
-1.305489140585077479e+00
-1.164150310138765576e+00
-1.048450517609202493e+00
-9.520284634060001139e-01
-8.542451009022737907e-01
-7.739157785574963810e-01
-7.014327601467194029e-01
-6.288006409927344720e-01
-5.711452579019411502e-01
-5.089999582524189492e-01
-4.520602724344762180e-01
-4.009393266362142327e-01
-3.531888746539006974e-01
-3.051289860555019828e-01
-2.654569131931161508e-01
-2.301800701803227156e-01
-1.807202754269816580e-01
-1.382071110627727251e-01
-1.151603401359739820e-01
-6.688576420591907379e-02
-3.144698613737162418e-02
-7.253628711309190180e-03
1.134410170065613954e-02
4.821033230442317574e-02
7.558598695659490829e-02
9.954044811910200963e-02
1.180330669115914333e-01
1.521571127477194807e-01
1.714686630761868003e-01
1.933582375115161511e-01
2.162010397476343826e-01
2.465827830479714322e-01
2.578730318353077422e-01
2.819032465211321892e-01
2.998446262444804944e-01
3.293933511569200334e-01
3.418895504711549904e-01
3.497655356377968872e-01
3.780445125321723054e-01
3.911678034073400312e-01
4.090314599877729052e-01
4.145865825577246255e-01
4.339057357400140091e-01
4.627552953357270127e-01
4.609355356342383914e-01
4.766174524362529752e-01
4.997757875794057725e-01
5.094931785322120987e-01
5.271356904917396946e-01
5.296234227379521542e-01
5.434865660055514525e-01
5.563345105523538336e-01
5.584764372419961376e-01
5.748309537419018511e-01
5.841134195358215209e-01
6.081199929950571459e-01
6.129814035366738523e-01
6.127353102660837436e-01
6.305104667119696416e-01
6.272595698530771813e-01
6.450937956822357933e-01
6.648577920974947375e-01
6.639250045499416331e-01
6.826953253261400789e-01
6.914952124775641806e-01
6.921876410652441081e-01
7.102526484628839398e-01
7.206143052183975328e-01
7.087347039016584915e-01
7.137309128392086421e-01
7.262766166005327761e-01
7.372523365391163708e-01
7.422814039109493223e-01
7.420013467774637661e-01
7.547389365665857497e-01
7.638558088303994964e-01
7.739813124381260678e-01
7.828676784514438936e-01
7.954309527694043425e-01
7.864327446159400381e-01
7.957854788898757192e-01
8.033788000634931592e-01
8.195270634418463374e-01
8.169885308002928781e-01
8.140350311698067998e-01
8.215867964048566563e-01
8.279136212567408393e-01
8.124714032351576520e-01
8.465781194628547723e-01
8.238331015718518557e-01
8.342807298245791259e-01
8.367404531161461989e-01
8.537542134072566569e-01
8.437840410874066777e-01
8.662315320014180031e-01
8.581476178254430209e-01
8.530029926382365346e-01
8.652808109664089642e-01
8.577074077752566694e-01
8.774547080889565365e-01
8.756607557882585269e-01
8.850504961380973867e-01
8.712536333994336246e-01
8.973381389574672795e-01
8.760449033056278978e-01
8.974689776335669222e-01
9.053507918358203455e-01
8.895838890455909365e-01
8.963573941667046796e-01
8.952470449458047597e-01
8.980579636130947563e-01
8.897786373340430544e-01
9.008768058218006303e-01
8.882217119465618538e-01
8.968149553734985346e-01
8.953776102939468018e-01
8.836944761711666985e-01
9.056145918769207270e-01
9.022563429103520605e-01
8.998270058434894025e-01
9.033086976509849819e-01
8.972073173978873939e-01
9.012707651177684909e-01
9.047574960604816141e-01
8.903631098642392772e-01
8.855675592313136946e-01
8.910129246898854660e-01
8.855675592313136946e-01
8.868613878501516723e-01
8.873146236376374674e-01
8.994991692343177192e-01
8.900383607300881295e-01
9.067365190693426058e-01
9.067365190693426058e-01
9.193621103986409082e-01
9.237854136364145319e-01
9.291733577051672910e-01
9.344547025018261621e-01
9.294435184524552085e-01
9.598247338978822540e-01
9.107063535802542020e-01
9.371058715880753454e-01
9.523325032214202679e-01
9.267451897780141223e-01
9.232482124416527824e-01
9.417453013466232647e-01
9.312690150548679213e-01
9.451018137282733989e-01
9.254660298096073490e-01
9.330300558784525577e-01
9.467499393588632017e-01
9.571821732502314717e-01
9.536465184179228061e-01
9.427031558259866273e-01
9.471623955412411533e-01
9.399688592287311906e-01
9.345225934689587177e-01
9.421556980692091798e-01
9.360853592023339331e-01
9.307954180770359187e-01
9.472999187484987260e-01
9.276213482165385216e-01
9.379911588534941558e-01
9.326233864950523866e-01
9.375824673417767485e-01
9.334368907091246115e-01
9.358133983630185782e-01
9.218394308045709806e-01
9.286332550725404644e-01
9.200979702171085961e-01
9.074631432714745927e-01
9.207674039012321288e-01
9.137606020205293333e-01
9.122987106046167582e-01
8.966842022352352615e-01
9.092489170851081326e-01
8.965534661911220837e-01
8.842108384107429941e-01
8.887404177871491839e-01
8.565135278382935979e-01
8.611083431606090244e-01
8.640778604272210117e-01
8.480092244577495109e-01
8.491306500316309069e-01
8.201929834955130616e-01
8.257799294666643419e-01
8.160231632823382597e-01
8.048686248377325825e-01
7.553630677678722094e-01
7.636268711004614573e-01
7.470544146288560228e-01
7.162929900672576622e-01
6.654801341982778951e-01
5.525276350170376105e-01
6.026485577528415405e-01
7.192447796818175476e-01
7.668941922267169531e-01
7.928938537302290257e-01
8.253537368820520470e-01
8.455837747162071594e-01
8.805375621683371179e-01
8.734228316469785369e-01
8.957040982657655803e-01
9.184263440045761229e-01
9.133616923682748023e-01
9.355415114662921638e-01
9.550315601905854379e-01
9.663216654797199823e-01
9.739198447107906276e-01
9.855693584709221966e-01
9.924520928397182473e-01
1.006215439402142309e+00
1.035224429287934456e+00
1.027892908455456222e+00
1.027520288560696216e+00
1.055552799207662318e+00
1.044048348677742766e+00
1.056166014005354370e+00
1.045033607766880479e+00
1.062010386223560587e+00
1.070608092258511945e+00
1.088028495128464002e+00
1.078025655059720478e+00
1.095576900124587638e+00
1.080065351381531258e+00
1.100293701450647532e+00
1.093584946954083037e+00
1.095098469368313232e+00
1.111981256407062801e+00
1.107209135893628016e+00
1.114335249133345584e+00
1.124053181150062031e+00
1.121594365060033738e+00
1.130804956490310431e+00
1.136355693578765980e+00
1.133535051257373638e+00
1.135193288931109379e+00
1.142689575909036748e+00
1.143442304585903457e+00
1.140101172176068545e+00
1.145787757160539044e+00
1.134446741677324511e+00
1.168777275385238568e+00
1.152097457141762149e+00
1.154040435577726953e+00
1.189149875434296177e+00
1.165949388844119028e+00
1.163556225308774117e+00
1.177482350825894031e+00
1.189500260861848346e+00
1.189675499625110433e+00
1.169464029640060687e+00
1.184693189593978957e+00
1.160998461104204793e+00
1.172388008331495257e+00
1.176530587829539343e+00
1.173249631683095373e+00
1.179215153200209087e+00
1.162788208886674113e+00
1.173508263522116124e+00
1.167405180152394806e+00
1.197063396025001225e+00
1.185216475843491324e+00
1.175925391770778816e+00
1.195651963186593392e+00
1.190990770102766660e+00
1.194418591521124284e+00
1.185827322758074232e+00
1.181472294535263146e+00
1.174284560624110796e+00
1.183908773290193395e+00
1.175234187319551538e+00
1.191780763560572609e+00
1.185827322758074232e+00
1.190552154366974591e+00
1.207088765004192155e+00
1.173766962268869563e+00
1.193890468984422526e+00
1.184518821677233547e+00
1.181124710242572817e+00
1.192571381601492675e+00
1.186438543034689985e+00
1.170065326741886125e+00
1.161765103673378263e+00
1.183386170717547259e+00
1.152266262003742270e+00
1.168519864083460646e+00
1.152603957237007037e+00
1.181559209489035922e+00
1.150326724354787444e+00
1.141937413406482804e+00
1.162361787832068671e+00
1.159807072996301258e+00
1.171871390445026861e+00
1.158277370989843291e+00
1.154971022337493380e+00
1.138268296548394787e+00
1.152603957237007037e+00
1.125202700941640543e+00
1.152181856010866312e+00
1.138101837954586415e+00
1.125284860083944238e+00
1.148054665481975434e+00
1.138767838645204478e+00
1.125284860083944238e+00
1.146710692159141232e+00
1.107370530342008053e+00
1.100453983547479808e+00
1.107451237335313365e+00
1.095975767346979879e+00
1.113522901403863230e+00
1.088582753030930661e+00
1.078260792420211445e+00
1.092312176119628830e+00
1.076303001748273758e+00
1.064790740192599117e+00
1.069208838298866482e+00
1.050508073993961844e+00
1.048223403134979748e+00
1.047386996592663877e+00
1.056779605066175520e+00
1.029235490890288318e+00
1.035149345757471195e+00
1.038609036332299951e+00
1.015006704813311345e+00
1.002793147497506254e+00
9.821456746701784368e-01
9.899372720424537420e-01
9.835707853574309212e-01
9.645710260493860488e-01
9.795145620411904730e-01
9.664618491205185791e-01
9.649209088422203706e-01
9.375143683257807226e-01
9.333012607075605871e-01
9.325556243401891265e-01
9.154244405461966494e-01
9.089841566917158389e-01
8.886755648411810427e-01
8.882865354645570477e-01
8.757247701274923912e-01
8.586509524277392558e-01
8.476979404085422942e-01
8.276085292691419681e-01
8.426685920035410504e-01
8.217687413973226995e-01
8.198902375878400761e-01
7.783275076723157326e-01
7.817598389165478778e-01
7.696539249044889175e-01
7.414974415009911723e-01
7.417773575280115494e-01
7.344693001218818296e-01
7.066783148442965512e-01
6.889426984620730110e-01
6.793231739668748048e-01
6.574712041074750601e-01
6.398718517010841822e-01
6.168777365466748819e-01
6.015286550186313974e-01
5.854055021217252630e-01
5.489198605210052762e-01
5.479507564049193036e-01
5.181859781722817360e-01
4.977997193109597873e-01
4.670001442259597013e-01
4.523051749539810373e-01
4.335354187032560702e-01
3.880181945044434144e-01
3.651680513436268427e-01
3.335910578724448072e-01
3.015015677661363469e-01
2.712839266421447348e-01
2.266831416127423893e-01
1.954959593853971000e-01
1.617662716393049038e-01
1.146479551609100866e-01
7.343127808588256755e-02
2.341875762157030749e-02
-3.621620413298387575e-02
-8.247666626858496386e-02
-1.433034897732259338e-01
-2.060597845646885418e-01
-2.775509252523225001e-01
-3.592768892744775400e-01
-4.383753537875598738e-01
-5.432695803325309214e-01
-6.525890401160303611e-01
-7.916401686398284454e-01
-9.595954020033357068e-01
-1.166985116115627719e+00
-1.444462635249619709e+00
-1.880775132589453946e+00
-3.174368157704432036e+00
