-4.725321707429285922e+00 -2.222423071363479607e+00 -1.845827916039234573e+00 -1.671728836581713118e+00 -1.627093522901973177e+00 -1.640170722457374275e+00 -1.642394606165957338e+00 -1.535682927088773742e+00 -1.418413704251461738e+00 -1.337963404428564207e+00 -1.036217940207338373e+00 -7.683900552794020733e-01 -5.976234642805022812e-01 -4.662628093569640697e-01 -3.673254099827545360e-01 -3.087621758188687782e-01 -2.827609170832365848e-01 -3.088450392787667198e-01 -4.188087409484781976e-01 -9.049698922282116698e-01
-2.502449859321157710e+00 4.487767446490487089e-04 3.770439320688940832e-01 5.511430115264155383e-01 5.957783252061554791e-01 5.827011256507543813e-01 5.804772419421713181e-01 6.871889210193549147e-01 8.044581438566669185e-01 8.849084436795644493e-01 1.186653907900790283e+00 1.454481792828726583e+00 1.625248383827626375e+00 1.756609038751164587e+00 1.855546438125374120e+00 1.914109672289259878e+00 1.940110931024892071e+00 1.914026808829361936e+00 1.804063107159650459e+00 1.317901955879916986e+00
-2.081845463333472868e+00 4.210531727323338913e-01 7.976483280565789258e-01 9.717474075141003809e-01 1.016382721193840322e+00 1.003305521638439224e+00 1.001081637929856161e+00 1.107793317007039757e+00 1.225062539844351761e+00 1.305512839667249292e+00 1.607258303888475126e+00 1.875086188816411426e+00 2.045852779815310996e+00 2.177213434738849429e+00 2.276150834113058963e+00 2.334714068276944943e+00 2.360715327012576914e+00 2.334631204817046779e+00 2.224667503147335523e+00 1.738506351867601829e+00
-1.856097975363960373e+00 6.468006607018463860e-01 1.023395816026091421e+00 1.197494895483612876e+00 1.242130209163352816e+00 1.229053009607951719e+00 1.226829125899368655e+00 1.333540804976552252e+00 1.450810027813864256e+00 1.531260327636761787e+00 1.833005791857987621e+00 2.100833676785923920e+00 2.271600267784823934e+00 2.402960922708361924e+00 2.501898322082571458e+00 2.560461556246456993e+00 2.586462814982089409e+00 2.560378692786559274e+00 2.450414991116847574e+00 1.964253839837114324e+00
-1.720721950513870446e+00 7.821766855519363126e-01 1.158771840876181347e+00 1.332870920333702802e+00 1.377506234013442743e+00 1.364429034458041645e+00 1.362205150749458582e+00 1.468916829826642179e+00 1.586186052663954182e+00 1.666636352486851713e+00 1.968381816708077547e+00 2.236209701636013847e+00 2.406976292634913861e+00 2.538336947558451850e+00 2.637274346932661384e+00 2.695837581096546920e+00 2.721838839832179335e+00 2.695754717636649200e+00 2.585791015966937501e+00 2.099629864687204250e+00
-1.648668012743323086e+00 8.542306233224836731e-01 1.230825778646728708e+00 1.404924858104250163e+00 1.449560171783990103e+00 1.436482972228589006e+00 1.434259088520005943e+00 1.540970767597189539e+00 1.658239990434501543e+00 1.738690290257399074e+00 2.040435754478624908e+00 2.308263639406561207e+00 2.479030230405460777e+00 2.610390885328999211e+00 2.709328284703208745e+00 2.767891518867094724e+00 2.793892777602726696e+00 2.767808655407196561e+00 2.657844953737485305e+00 2.171683802457751611e+00
-1.634788474135502323e+00 8.681101619303044359e-01 1.244705317254549470e+00 1.418804396712070925e+00 1.463439710391810866e+00 1.450362510836409768e+00 1.448138627127826705e+00 1.554850306205010302e+00 1.672119529042322306e+00 1.752569828865219836e+00 2.054315293086445671e+00 2.322143178014381970e+00 2.492909769013281540e+00 2.624270423936819974e+00 2.723207823311029507e+00 2.781771057474915487e+00 2.807772316210547459e+00 2.781688194015017324e+00 2.671724492345306068e+00 2.185563341065572374e+00
-1.594682213804911264e+00 9.082164222608954951e-01 1.284811577585140530e+00 1.458910657042661985e+00 1.503545970722401925e+00 1.490468771167000828e+00 1.488244887458417764e+00 1.594956566535601361e+00 1.712225789372913365e+00 1.792676089195810896e+00 2.094421553417036730e+00 2.362249438344973029e+00 2.533016029343873043e+00 2.664376684267411033e+00 2.763314083641620567e+00 2.821877317805506102e+00 2.847878576541138518e+00 2.821794454345608383e+00 2.711830752675896683e+00 2.225669601396163433e+00
-1.600415006172998478e+00 9.024836298928082812e-01 1.279078785217053316e+00 1.453177864674574771e+00 1.497813178354314712e+00 1.484735978798913614e+00 1.482512095090330551e+00 1.589223774167514147e+00 1.706492997004826151e+00 1.786943296827723682e+00 2.088688761048949516e+00 2.356516645976885815e+00 2.527283236975785385e+00 2.658643891899323819e+00 2.757581291273533353e+00 2.816144525437419333e+00 2.842145784173051304e+00 2.816061661977521169e+00 2.706097960307809913e+00 2.219936809028076219e+00
-1.723649018384892706e+00 7.792496176809140529e-01 1.155844773005159087e+00 1.329943852462680542e+00 1.374579166142420483e+00 1.361501966587019385e+00 1.359278082878436322e+00 1.465989761955619919e+00 1.583258984792931923e+00 1.663709284615829453e+00 1.965454748837055288e+00 2.233282633764991587e+00 2.404049224763891601e+00 2.535409879687429591e+00 2.634347279061639124e+00 2.692910513225524660e+00 2.718911771961157076e+00 2.692827649765626941e+00 2.582863948095915241e+00 2.096702796816181991e+00
-1.641251063390165132e+00 8.616475726756416265e-01 1.238242727999886661e+00 1.412341807457408116e+00 1.456977121137148057e+00 1.443899921581746959e+00 1.441676037873163896e+00 1.548387716950347492e+00 1.665656939787659496e+00 1.746107239610557027e+00 2.047852703831782861e+00 2.315680588759719161e+00 2.486447179758618731e+00 2.617807834682157164e+00 2.716745234056366698e+00 2.775308468220252678e+00 2.801309726955884649e+00 2.775225604760354514e+00 2.665261903090643258e+00 2.179100751810909564e+00
-1.446088525946355396e+00 1.056810110119451362e+00 1.433405265443696397e+00 1.607504344901217852e+00 1.652139658580957793e+00 1.639062459025556695e+00 1.636838575316973632e+00 1.743550254394157228e+00 1.860819477231469232e+00 1.941269777054366763e+00 2.243015241275592597e+00 2.510843126203528897e+00 2.681609717202428911e+00 2.812970372125966900e+00 2.911907771500176434e+00 2.970471005664061970e+00 2.996472264399694385e+00 2.970388142204164250e+00 2.860424440534452550e+00 2.374263289254719300e+00
-1.372090996114243788e+00 1.130807639951562971e+00 1.507402795275808005e+00 1.681501874733329460e+00 1.726137188413069401e+00 1.713059988857668303e+00 1.710836105149085240e+00 1.817547784226268837e+00 1.934817007063580840e+00 2.015267306886478593e+00 2.317012771107703983e+00 2.584840656035640727e+00 2.755607247034540297e+00 2.886967901958078286e+00 2.985905301332287820e+00 3.044468535496173800e+00 3.070469794231805771e+00 3.044385672036275636e+00 2.934421970366564381e+00 2.448260819086830686e+00
-1.349660614830543670e+00 1.153238021235263089e+00 1.529833176559508123e+00 1.703932256017029578e+00 1.748567569696769519e+00 1.735490370141368421e+00 1.733266486432785358e+00 1.839978165509968955e+00 1.957247388347280959e+00 2.037697688170178267e+00 2.339443152391404546e+00 2.607271037319340401e+00 2.778037628318240415e+00 2.909398283241778849e+00 3.008335682615988382e+00 3.066898916779873918e+00 3.092900175515506334e+00 3.066816053319976199e+00 2.956852351650264499e+00 2.470691200370531249e+00
-1.357569898799494190e+00 1.145328737266312569e+00 1.521923892590557603e+00 1.696022972048079058e+00 1.740658285727818999e+00 1.727581086172417901e+00 1.725357202463834838e+00 1.832068881541018435e+00 1.949338104378330438e+00 2.029788404201227969e+00 2.331533868422453804e+00 2.599361753350390103e+00 2.770128344349290117e+00 2.901488999272828107e+00 3.000426398647037640e+00 3.058989632810923176e+00 3.084990891546555591e+00 3.058906769351025456e+00 2.948943067681313757e+00 2.462781916401580506e+00
-1.406664567046175485e+00 1.096234069019631274e+00 1.472829224343876309e+00 1.646928303801397764e+00 1.691563617481137705e+00 1.678486417925736607e+00 1.676262534217153544e+00 1.782974213294337140e+00 1.900243436131649144e+00 1.980693735954546675e+00 2.282439200175772509e+00 2.550267085103708808e+00 2.721033676102608823e+00 2.852394331026146812e+00 2.951331730400356346e+00 3.009894964564241882e+00 3.035896223299874297e+00 3.009812101104344162e+00 2.899848399434632462e+00 2.413687248154899212e+00
-1.516446344270660385e+00 9.864522917951463743e-01 1.363047447119391409e+00 1.537146526576912864e+00 1.581781840256652805e+00 1.568704640701251707e+00 1.566480756992668644e+00 1.673192436069852240e+00 1.790461658907164244e+00 1.870911958730061775e+00 2.172657422951287387e+00 2.440485307879224131e+00 2.611251898878123701e+00 2.742612553801661690e+00 2.841549953175871224e+00 2.900113187339757204e+00 2.926114446075389175e+00 2.900030323879859040e+00 2.790066622210147784e+00 2.303905470930414090e+00
-1.702330293736755262e+00 8.005683423290514966e-01 1.177163497653296531e+00 1.351262577110817986e+00 1.395897890790557927e+00 1.382820691235156829e+00 1.380596807526573766e+00 1.487308486603757363e+00 1.604577709441069366e+00 1.685028009263966897e+00 1.986773473485192731e+00 2.254601358413129031e+00 2.425367949412028601e+00 2.556728604335567034e+00 2.655666003709776568e+00 2.714229237873662548e+00 2.740230496609294519e+00 2.714146374413764384e+00 2.604182672744053129e+00 2.118021521464319434e+00
-2.049289558151654589e+00 4.536090779141521701e-01 8.302042332383972045e-01 1.004303312695918660e+00 1.048938626375658600e+00 1.035861426820257503e+00 1.033637543111674439e+00 1.140349222188858036e+00 1.257618445026170040e+00 1.338068744849067571e+00 1.639814209070293405e+00 1.907642093998229704e+00 2.078408684997129718e+00 2.209769339920667708e+00 2.308706739294877242e+00 2.367269973458762777e+00 2.393271232194395193e+00 2.367187109998865058e+00 2.257223408329153358e+00 1.771062257049420108e+00
-3.623694828962993331e+00 -1.120796192897186572e+00 -7.442010375729415372e-01 -5.701019581154200822e-01 -5.254666444356801414e-01 -5.385438439910812392e-01 -5.407677276996643023e-01 -4.340560486224807057e-01 -3.167868257851687019e-01 -2.363365259622711712e-01 6.540893825895466307e-02 3.332368231868909625e-01 5.040034141857907546e-01 6.353640691093289661e-01 7.343014684835384998e-01 7.928647026474242576e-01 8.188659613830564510e-01 7.927818391875263160e-01 6.828181375178148382e-01 1.966569862380813660e-01
