-4.363059008353581625e+00 -2.341246898586565539e+00 -1.948724281479765619e+00 -1.728700682365559071e+00 -1.605089676057291026e+00 -1.537595054252550941e+00 -1.516609969569244099e+00 -1.532959513290530040e+00 -1.602327199504137045e+00 -1.827397880521827389e+00 -1.827397880521827389e+00 -1.602327199504137045e+00 -1.532959513290530040e+00 -1.516609969569244321e+00 -1.537595054252550941e+00 -1.605089676057291026e+00 -1.728700682365558627e+00 -1.948724281479765619e+00 -2.341246898586565539e+00 -4.363059008353581625e+00
-1.856025863457041236e+00 1.657862463099748496e-01 5.583088634167747699e-01 7.783324625309813172e-01 9.019434688392493626e-01 9.694380906439894474e-01 9.904231753272962901e-01 9.740736316060103483e-01 9.047059453924033434e-01 6.796352643747129996e-01 6.796352643747129996e-01 9.047059453924033434e-01 9.740736316060103483e-01 9.904231753272960681e-01 9.694380906439894474e-01 9.019434688392493626e-01 7.783324625309817613e-01 5.583088634167747699e-01 1.657862463099748496e-01 -1.856025863457041236e+00
-1.507844341404404265e+00 5.139677683626118210e-01 9.064903854694117413e-01 1.126513984583618289e+00 1.250124990891886334e+00 1.317619612696626419e+00 1.338604697379933262e+00 1.322255153658647320e+00 1.252887467445040315e+00 1.027816786427349971e+00 1.027816786427349971e+00 1.252887467445040315e+00 1.322255153658647320e+00 1.338604697379933040e+00 1.317619612696626419e+00 1.250124990891886334e+00 1.126513984583618733e+00 9.064903854694117413e-01 5.139677683626118210e-01 -1.507844341404404265e+00
-1.378141478529833375e+00 6.436706312371827110e-01 1.036193248343982631e+00 1.256216847458189179e+00 1.379827853766457224e+00 1.447322475571197309e+00 1.468307560254504152e+00 1.451958016533218210e+00 1.382590330319611205e+00 1.157519649301920861e+00 1.157519649301920861e+00 1.382590330319611205e+00 1.451958016533218210e+00 1.468307560254503930e+00 1.447322475571197309e+00 1.379827853766457224e+00 1.256216847458189623e+00 1.036193248343982631e+00 6.436706312371827110e-01 -1.378141478529833375e+00
-1.378226368428688176e+00 6.435857413383279102e-01 1.036108358445127831e+00 1.256131957559334378e+00 1.379742963867602423e+00 1.447237585672342508e+00 1.468222670355649351e+00 1.451873126634363409e+00 1.382505440420756404e+00 1.157434759403066060e+00 1.157434759403066060e+00 1.382505440420756404e+00 1.451873126634363409e+00 1.468222670355649129e+00 1.447237585672342508e+00 1.379742963867602423e+00 1.256131957559334822e+00 1.036108358445127831e+00 6.435857413383279102e-01 -1.378226368428688176e+00
-1.372225586834439515e+00 6.495865229325765711e-01 1.042109140039376491e+00 1.262132739153583039e+00 1.385743745461851084e+00 1.453238367266591169e+00 1.474223451949898012e+00 1.457873908228612070e+00 1.388506222015005065e+00 1.163435540997314721e+00 1.163435540997314721e+00 1.388506222015005065e+00 1.457873908228612070e+00 1.474223451949897790e+00 1.453238367266591169e+00 1.385743745461851084e+00 1.262132739153583483e+00 1.042109140039376491e+00 6.495865229325765711e-01 -1.372225586834439515e+00
-1.287259205327757172e+00 7.345529044392589135e-01 1.127075521546058834e+00 1.347099120660265381e+00 1.470710126968533427e+00 1.538204748773273511e+00 1.559189833456580354e+00 1.542840289735294412e+00 1.473472603521687407e+00 1.248401922503997064e+00 1.248401922503997064e+00 1.473472603521687407e+00 1.542840289735294412e+00 1.559189833456580132e+00 1.538204748773273511e+00 1.470710126968533427e+00 1.347099120660265825e+00 1.127075521546058834e+00 7.345529044392589135e-01 -1.287259205327757172e+00
-1.088016125442631932e+00 9.337959843243841540e-01 1.326318601431184074e+00 1.546342200545390622e+00 1.669953206853658667e+00 1.737447828658398752e+00 1.758432913341705595e+00 1.742083369620419653e+00 1.672715683406812648e+00 1.447645002389122304e+00 1.447645002389122304e+00 1.672715683406812648e+00 1.742083369620419653e+00 1.758432913341705373e+00 1.737447828658398752e+00 1.669953206853658667e+00 1.546342200545391066e+00 1.326318601431184074e+00 9.337959843243841540e-01 -1.088016125442631932e+00
-8.868616583636725892e-01 1.134950451403343497e+00 1.527473068510143417e+00 1.747496667624349964e+00 1.871107673932618010e+00 1.938602295737358094e+00 1.959587380420664937e+00 1.943237836699378995e+00 1.873870150485771990e+00 1.648799469468081647e+00 1.648799469468081647e+00 1.873870150485771990e+00 1.943237836699378995e+00 1.959587380420664715e+00 1.938602295737358094e+00 1.871107673932618010e+00 1.747496667624350408e+00 1.527473068510143417e+00 1.134950451403343497e+00 -8.868616583636725892e-01
-6.944627502212392667e-01 1.327349359545776819e+00 1.719871976652576739e+00 1.939895575766783287e+00 2.063506582075051554e+00 2.131001203879791639e+00 2.151986288563098260e+00 2.135636744841812096e+00 2.066269058628205535e+00 1.841198377610514969e+00 1.841198377610514969e+00 2.066269058628205535e+00 2.135636744841812096e+00 2.151986288563097816e+00 2.131001203879791639e+00 2.063506582075051554e+00 1.939895575766783731e+00 1.719871976652576739e+00 1.327349359545776819e+00 -6.944627502212392667e-01
-3.294108190102038591e-01 1.692401290756812227e+00 2.084923907863612147e+00 2.304947506977818694e+00 2.428558513286086740e+00 2.496053135090826824e+00 2.517038219774133445e+00 2.500688676052847725e+00 2.431320989839240720e+00 2.206250308821550377e+00 2.206250308821550377e+00 2.431320989839240720e+00 2.500688676052847725e+00 2.517038219774133445e+00 2.496053135090826824e+00 2.428558513286086740e+00 2.304947506977819138e+00 2.084923907863612147e+00 1.692401290756812227e+00 -3.294108190102038591e-01
-3.324071629675451334e-02 1.988571393470261572e+00 2.381094010577061493e+00 2.601117609691268040e+00 2.724728615999536085e+00 2.792223237804276170e+00 2.813208322487582791e+00 2.796858778766297071e+00 2.727491092552690066e+00 2.502420411534999722e+00 2.502420411534999722e+00 2.727491092552690066e+00 2.796858778766297071e+00 2.813208322487582791e+00 2.792223237804276170e+00 2.724728615999536085e+00 2.601117609691268484e+00 2.381094010577061493e+00 1.988571393470261572e+00 -3.324071629675451334e-02
1.858551534485768375e-01 2.207667263215593145e+00 2.600189880322393066e+00 2.820213479436599613e+00 2.943824485744867658e+00 3.011319107549607743e+00 3.032304192232914364e+00 3.015954648511628200e+00 2.946586962298021639e+00 2.721516281280330851e+00 2.721516281280330851e+00 2.946586962298021639e+00 3.015954648511628200e+00 3.032304192232913920e+00 3.011319107549607743e+00 2.943824485744867658e+00 2.820213479436599613e+00 2.600189880322393066e+00 2.207667263215593145e+00 1.858551534485768375e-01
3.626971607064688463e-01 2.384509270473484932e+00 2.777031887580284852e+00 2.997055486694491400e+00 3.120666493002759445e+00 3.188161114807499530e+00 3.209146199490806595e+00 3.192796655769520431e+00 3.123428969555913426e+00 2.898358288538223082e+00 2.898358288538223082e+00 3.123428969555913426e+00 3.192796655769520431e+00 3.209146199490806151e+00 3.188161114807499530e+00 3.120666493002759445e+00 2.997055486694491844e+00 2.777031887580284852e+00 2.384509270473484932e+00 3.626971607064688463e-01
5.041591870456429980e-01 2.525971296812659084e+00 2.918493913919459004e+00 3.138517513033665551e+00 3.262128519341933597e+00 3.329623141146673682e+00 3.350608225829980746e+00 3.334258682108694583e+00 3.264890995895087578e+00 3.039820314877397234e+00 3.039820314877397234e+00 3.264890995895087578e+00 3.334258682108694583e+00 3.350608225829980302e+00 3.329623141146673682e+00 3.262128519341933597e+00 3.138517513033665995e+00 2.918493913919459004e+00 2.525971296812659084e+00 5.041591870456429980e-01
6.198133065619528814e-01 2.641625416328968967e+00 3.034148033435768888e+00 3.254171632549975435e+00 3.377782638858243480e+00 3.445277260662983565e+00 3.466262345346290630e+00 3.449912801625004466e+00 3.380545115411397461e+00 3.155474434393707117e+00 3.155474434393707117e+00 3.380545115411397461e+00 3.449912801625004466e+00 3.466262345346290186e+00 3.445277260662983565e+00 3.377782638858243480e+00 3.254171632549975879e+00 3.034148033435768888e+00 2.641625416328968967e+00 6.198133065619528814e-01
7.123502558447962763e-01 2.734162365611812362e+00 3.126684982718612282e+00 3.346708581832818830e+00 3.470319588141086875e+00 3.537814209945826960e+00 3.558799294629134025e+00 3.542449750907847861e+00 3.473082064694240856e+00 3.248011383676550512e+00 3.248011383676550512e+00 3.473082064694240856e+00 3.542449750907847861e+00 3.558799294629133581e+00 3.537814209945826960e+00 3.470319588141086875e+00 3.346708581832819274e+00 3.126684982718612282e+00 2.734162365611812362e+00 7.123502558447962763e-01
7.650948284432530500e-01 2.786906938210269136e+00 3.179429555317069056e+00 3.399453154431275603e+00 3.523064160739543649e+00 3.590558782544283734e+00 3.611543867227590354e+00 3.595194323506304634e+00 3.525826637292697630e+00 3.300755956275007286e+00 3.300755956275007286e+00 3.525826637292697630e+00 3.595194323506304634e+00 3.611543867227590354e+00 3.590558782544283734e+00 3.523064160739543649e+00 3.399453154431276047e+00 3.179429555317069056e+00 2.786906938210269136e+00 7.650948284432530500e-01
7.695105780543771701e-01 2.791322687821393256e+00 3.183845304928193176e+00 3.403868904042399723e+00 3.527479910350667769e+00 3.594974532155407854e+00 3.615959616838714474e+00 3.599610073117428755e+00 3.530242386903821750e+00 3.305171705886131406e+00 3.305171705886131406e+00 3.530242386903821750e+00 3.599610073117428755e+00 3.615959616838714474e+00 3.594974532155407854e+00 3.527479910350667769e+00 3.403868904042400167e+00 3.183845304928193176e+00 2.791322687821393256e+00 7.695105780543771701e-01
6.533146578772108803e-01 2.675126767644226966e+00 3.067649384751026886e+00 3.287672983865233434e+00 3.411283990173501479e+00 3.478778611978241564e+00 3.499763696661548629e+00 3.483414152940262465e+00 3.414046466726655460e+00 3.188975785708965116e+00 3.188975785708965116e+00 3.414046466726655460e+00 3.483414152940262465e+00 3.499763696661548185e+00 3.478778611978241564e+00 3.411283990173501479e+00 3.287672983865233878e+00 3.067649384751026886e+00 2.675126767644226966e+00 6.533146578772108803e-01
