-4.507676872156972436e+00
-2.177394281707437429e+00
-1.634605967390994508e+00
-1.290462819527853355e+00
-1.047007758003202227e+00
-8.470961225740101241e-01
-6.869255411252144228e-01
-5.554894547525144333e-01
-4.373718082325694922e-01
-3.390590250008891360e-01
-2.458734123152126472e-01
-1.550762107615497598e-01
-8.719180039673446458e-02
-1.221327123403703752e-02
5.343647934487982809e-02
1.056731512264423856e-01
1.632367010701418764e-01
2.109361876096151889e-01
2.691950529543039039e-01
3.071979350603371017e-01
3.510083243018424781e-01
3.803856955004452089e-01
4.242332342102219656e-01
4.514352078828594017e-01
4.882454241563696229e-01
5.168306593082245826e-01
5.401625488823036392e-01
5.662406762373421998e-01
6.052979035347352266e-01
6.374905279160554272e-01
6.547433520256671358e-01
6.838446372876063606e-01
7.016339357851979486e-01
7.268453551316937933e-01
7.523027331137353002e-01
7.554036684201594909e-01
7.902695377841180147e-01
8.069622862425518406e-01
8.136858142469449717e-01
8.248657852491856346e-01
8.620038571668739991e-01
8.791998591759249138e-01
8.832995271288677230e-01
9.078417141882706431e-01
9.156998329672703107e-01
9.139084668705077519e-01
9.522180095361019170e-01
9.421645742576973959e-01
9.618726985017893583e-01
9.695379785569127051e-01
9.841506909247570434e-01
1.000019944089435953e+00
1.019056885015709568e+00
1.008771306107004051e+00
1.026640742545710694e+00
1.059978294643828534e+00
1.060116387580594122e+00
1.057633627684573696e+00
1.083449615203988969e+00
1.066906408817958507e+00
1.074513131005149447e+00
1.093108781211983072e+00
1.098260481214845541e+00
1.113949629259726848e+00
1.132854896424133173e+00
1.132929160283660863e+00
1.124130256978231657e+00
1.138440047033794755e+00
1.130111003568318395e+00
1.147140319419220233e+00
1.145258851319514548e+00
1.160105359436508721e+00
1.162550348429576275e+00
1.163545335308953099e+00
1.164158127361831774e+00
1.182094441217225622e+00
1.192839221269382577e+00
1.176028160364968045e+00
1.191184700505900196e+00
1.192287410132445657e+00
1.207214245438796851e+00
1.186315835853775980e+00
1.203860145504686230e+00
1.212829533737645349e+00
1.223017202704204109e+00
1.212990434783849381e+00
1.213634297985166199e+00
1.203302220969430181e+00
1.215729721060069934e+00
1.213956385112517466e+00
1.223179751469190890e+00
1.227333697576694860e+00
1.210659899715269106e+00
1.223342326660574741e+00
1.227170472243759747e+00
1.232653076705858552e+00
1.228150224118344624e+00
1.236517100915870415e+00
1.230112612319647525e+00
1.228722189652588170e+00
1.227496949556487138e+00
1.228068541455444418e+00
1.236270014475541856e+00
1.232571025423760958e+00
1.238165905906054576e+00
1.226517837206726469e+00
1.237176296720887692e+00
1.234459910311736408e+00
1.238908756008308742e+00
1.228885668482444515e+00
1.243626331486369807e+00
1.231996854879339409e+00
1.216133190906171890e+00
1.227088869567147356e+00
1.226680956039157167e+00
1.216940619290772574e+00
1.220744289963372253e+00
1.220420009457894750e+00
1.212749092921932004e+00
1.241140623022797485e+00
1.202187304870822260e+00
1.204897117639246673e+00
1.191263425166440015e+00
1.202664973855306130e+00
1.205296239576295392e+00
1.181158768634341882e+00
1.189218595511738030e+00
1.197264706601789186e+00
1.189611507386659994e+00
1.178279277170442896e+00
1.187883848719144098e+00
1.181782453070244543e+00
1.173704739245412298e+00
1.158504078069535481e+00
1.174633459999419927e+00
1.166536249766799926e+00
1.144657528390991885e+00
1.159495045105694899e+00
1.160486995131710941e+00
1.128335198440165499e+00
1.129000755869061123e+00
1.141057164465815177e+00
1.117453538239178812e+00
1.125677389566645203e+00
1.113876761551019001e+00
1.118258249501009161e+00
1.100271109495240651e+00
1.092538004940779572e+00
1.109586937834921017e+00
1.095967559602637920e+00
1.075424228941111338e+00
1.062882258518232703e+00
1.053989634515506424e+00
1.064406754690420343e+00
1.045719758589802595e+00
1.044563335210016319e+00
1.021445579668856851e+00
1.027776612777747900e+00
1.019189440689284964e+00
1.006674457163637015e+00
9.790437535566134386e-01
9.849830372288543856e-01
9.830632823678033816e-01
9.691596206258008550e-01
9.552600730337132973e-01
9.381224325462831359e-01
9.378779785940789537e-01
9.230781694303615836e-01
9.115249596045682523e-01
8.980463918726258044e-01
8.845732651426700954e-01
8.767825918118301587e-01
8.619472175927871405e-01
8.594582469674403313e-01
8.539367951125527156e-01
8.267777794947690495e-01
8.123913855024831321e-01
7.922220965194508580e-01
7.797806646141847153e-01
7.650729940056830714e-01
7.547928881293746173e-01
7.361912175499316646e-01
7.141601956043768240e-01
7.016339357851979486e-01
6.855524175888181304e-01
6.536850291384350697e-01
6.169331163294984322e-01
6.174652199248829021e-01
5.985291709516573633e-01
5.694061039970463867e-01
5.280026079694639662e-01
5.031279951965892394e-01
4.679889296979382607e-01
4.361865202098105243e-01
3.968263551024815428e-01
3.398912792974346786e-01
2.808472601204385910e-01
2.094014038013600754e-01
1.184629654259641285e-01
-1.101001002258712447e-01
-1.101001002258712447e-01
1.184629654259641285e-01
2.094014038013600754e-01
2.808472601204385910e-01
3.398912792974346786e-01
3.968263551024815428e-01
4.361865202098105243e-01
4.679889296979382607e-01
5.031279951965892394e-01
5.280026079694639662e-01
5.694061039970463867e-01
5.985291709516573633e-01
6.174652199248829021e-01
6.169331163294984322e-01
6.536850291384350697e-01
6.855524175888181304e-01
7.016339357851979486e-01
7.141601956043768240e-01
7.361912175499316646e-01
7.547928881293746173e-01
7.650729940056830714e-01
7.797806646141847153e-01
7.922220965194508580e-01
8.123913855024831321e-01
8.267777794947690495e-01
8.539367951125527156e-01
8.594582469674403313e-01
8.619472175927871405e-01
8.767825918118301587e-01
8.845732651426700954e-01
8.980463918726258044e-01
9.115249596045682523e-01
9.230781694303615836e-01
9.378779785940789537e-01
9.381224325462831359e-01
9.552600730337132973e-01
9.691596206258008550e-01
9.830632823678033816e-01
9.849830372288543856e-01
9.790437535566134386e-01
1.006674457163637015e+00
1.019189440689284964e+00
1.027776612777747900e+00
1.021445579668856851e+00
1.044563335210016319e+00
1.045719758589802595e+00
1.064406754690420343e+00
1.053989634515506424e+00
1.062882258518232703e+00
1.075424228941111338e+00
1.095967559602637920e+00
1.109586937834921017e+00
1.092538004940779572e+00
1.100271109495240651e+00
1.118258249501009161e+00
1.113876761551019001e+00
1.125677389566645203e+00
1.117453538239178812e+00
1.141057164465815177e+00
1.129000755869061123e+00
1.128335198440165499e+00
1.160486995131710941e+00
1.159495045105694899e+00
1.144657528390991885e+00
1.166536249766799926e+00
1.174633459999419927e+00
1.158504078069535481e+00
1.173704739245412298e+00
1.181782453070244543e+00
1.187883848719144098e+00
1.178279277170442896e+00
1.189611507386659994e+00
1.197264706601789186e+00
1.189218595511738030e+00
1.181158768634341882e+00
1.205296239576295392e+00
1.202664973855306130e+00
1.191263425166440015e+00
1.204897117639246673e+00
1.202187304870822260e+00
1.241140623022797485e+00
1.212749092921932004e+00
1.220420009457894750e+00
1.220744289963372253e+00
1.216940619290772574e+00
1.226680956039157167e+00
1.227088869567147356e+00
1.216133190906171890e+00
1.231996854879339409e+00
1.243626331486369807e+00
1.228885668482444515e+00
1.238908756008308742e+00
1.234459910311736408e+00
1.237176296720887692e+00
1.226517837206726469e+00
1.238165905906054576e+00
1.232571025423760958e+00
1.236270014475541856e+00
1.228068541455444418e+00
1.227496949556487138e+00
1.228722189652588170e+00
1.230112612319647525e+00
1.236517100915870415e+00
1.228150224118344624e+00
1.232653076705858552e+00
1.227170472243759747e+00
1.223342326660574741e+00
1.210659899715269106e+00
1.227333697576694860e+00
1.223179751469190890e+00
1.213956385112517466e+00
1.215729721060069934e+00
1.203302220969430181e+00
1.213634297985166199e+00
1.212990434783849381e+00
1.223017202704204109e+00
1.212829533737645349e+00
1.203860145504686230e+00
1.186315835853775980e+00
1.207214245438796851e+00
1.192287410132445657e+00
1.191184700505900196e+00
1.176028160364968045e+00
1.192839221269382577e+00
1.182094441217225622e+00
1.164158127361831774e+00
1.163545335308953099e+00
1.162550348429576275e+00
1.160105359436508721e+00
1.145258851319514548e+00
1.147140319419220233e+00
1.130111003568318395e+00
1.138440047033794755e+00
1.124130256978231657e+00
1.132929160283660863e+00
1.132854896424133173e+00
1.113949629259726848e+00
1.098260481214845541e+00
1.093108781211983072e+00
1.074513131005149447e+00
1.066906408817958507e+00
1.083449615203988969e+00
1.057633627684573696e+00
1.060116387580594122e+00
1.059978294643828534e+00
1.026640742545710694e+00
1.008771306107004051e+00
1.019056885015709568e+00
1.000019944089435953e+00
9.841506909247570434e-01
9.695379785569127051e-01
9.618726985017893583e-01
9.421645742576973959e-01
9.522180095361019170e-01
9.139084668705077519e-01
9.156998329672703107e-01
9.078417141882706431e-01
8.832995271288677230e-01
8.791998591759249138e-01
8.620038571668739991e-01
8.248657852491856346e-01
8.136858142469449717e-01
8.069622862425518406e-01
7.902695377841180147e-01
7.554036684201594909e-01
7.523027331137353002e-01
7.268453551316937933e-01
7.016339357851979486e-01
6.838446372876063606e-01
6.547433520256671358e-01
6.374905279160554272e-01
6.052979035347352266e-01
5.662406762373421998e-01
5.401625488823036392e-01
5.168306593082245826e-01
4.882454241563696229e-01
4.514352078828594017e-01
4.242332342102219656e-01
3.803856955004452089e-01
3.510083243018424781e-01
3.071979350603371017e-01
2.691950529543039039e-01
2.109361876096151889e-01
1.632367010701418764e-01
1.056731512264423856e-01
5.343647934487982809e-02
-1.221327123403703752e-02
-8.719180039673446458e-02
-1.550762107615497598e-01
-2.458734123152126472e-01
-3.390590250008891360e-01
-4.373718082325694922e-01
-5.554894547525144333e-01
-6.869255411252144228e-01
-8.470961225740101241e-01
-1.047007758003202227e+00
-1.290462819527853355e+00
-1.634605967390994508e+00
-2.177394281707437429e+00
-4.507676872156972436e+00
