-4.391137232781439081e+00
-2.457548588702234582e+00
-1.935941914438480183e+00
-1.604621557975201895e+00
-1.362301936763923749e+00
-1.173843471412425288e+00
-1.008745622103733197e+00
-8.712023968603919144e-01
-7.621624413137002563e-01
-6.522809867936878447e-01
-5.636923556411321812e-01
-4.793356705566953480e-01
-4.032741845227523214e-01
-3.296267974684159441e-01
-2.672647661599754088e-01
-2.086650514997927530e-01
-1.475575464219769373e-01
-1.016278058743793622e-01
-5.026938117190127286e-02
-5.829588201340385467e-04
4.773656964625594412e-02
8.337628541313968356e-02
1.332916023515551274e-01
1.654912481729464702e-01
1.989675393701784145e-01
2.347879879049656893e-01
2.772841787174744610e-01
3.007376671560848536e-01
3.375382492504250820e-01
3.618107890921624659e-01
3.943222881584240724e-01
4.129606141923360951e-01
4.463062680787963643e-01
4.695167457487290363e-01
4.967086357350272152e-01
5.147601709134352888e-01
5.257983907418655178e-01
5.597896722746558140e-01
5.842299401608244125e-01
5.946286473817217200e-01
6.366581796253711900e-01
6.347068709491328065e-01
6.687835249506832724e-01
6.813866513415565151e-01
6.871509052078792479e-01
7.219573157403544883e-01
7.272644730027586490e-01
7.469010110489566756e-01
7.595587618363150995e-01
7.795319311792283656e-01
7.972418011722748332e-01
8.195704173097979606e-01
8.302076488739018600e-01
8.388997451218074275e-01
8.473876227495207303e-01
8.634422355291206941e-01
8.720269617477391932e-01
8.802802622831222834e-01
9.109994013206517138e-01
9.287256583057139636e-01
9.221169702339224727e-01
9.414592249101545463e-01
9.509303409273197616e-01
9.490040968172603897e-01
9.841286727706659576e-01
9.735756663891041995e-01
9.904496432490077495e-01
1.004721170216731352e+00
1.010711774353888259e+00
1.005640468987888170e+00
1.036867986370976880e+00
1.037274738461190893e+00
1.056235572077232732e+00
1.062682958271407685e+00
1.074647417943147332e+00
1.074154824428385169e+00
1.069032185950067770e+00
1.078596925862854050e+00
1.094983727426658504e+00
1.098581889051935434e+00
1.113032273019799234e+00
1.118827264479977046e+00
1.110183788458570575e+00
1.130444547083042650e+00
1.139866586426068196e+00
1.156686438972696962e+00
1.139716334754234950e+00
1.156915682850979010e+00
1.182066940916444153e+00
1.178078041958791289e+00
1.176362240570764328e+00
1.169373549290034120e+00
1.192782454729568897e+00
1.195241114809379113e+00
1.185757126865102151e+00
1.190092792479974904e+00
1.221469488782473078e+00
1.216671366293036627e+00
1.226208834146369497e+00
1.233525238191919726e+00
1.229243986798364219e+00
1.248739398720186244e+00
1.231546998179814167e+00
1.237576337114097313e+00
1.263848358853024934e+00
1.261894154569105808e+00
1.267170762556622421e+00
1.256391960978314515e+00
1.278757383189727648e+00
1.279707419967147430e+00
1.261894154569105808e+00
1.281783365700137622e+00
1.280917864520958460e+00
1.275740529632363618e+00
1.274192541707147797e+00
1.287253316390982505e+00
1.293453938851328644e+00
1.287340382692025997e+00
1.294067355161148569e+00
1.306681644948881171e+00
1.311843635763196403e+00
1.293016014605223418e+00
1.304642004282575485e+00
1.316763364814919512e+00
1.308458633421809125e+00
1.318109320422125919e+00
1.295383087117109255e+00
1.319636930010652520e+00
1.306415368818962364e+00
1.311486779661631630e+00
1.319007631657525437e+00
1.301634483218620630e+00
1.317570720768172166e+00
1.300398716444709279e+00
1.319097507179986195e+00
1.311932869689995229e+00
1.316225489409751148e+00
1.311932869689995229e+00
1.301811146058051705e+00
1.319816802301810199e+00
1.317750221755908058e+00
1.305528293448098509e+00
1.331214483353095446e+00
1.321707417314661015e+00
1.307214410012095485e+00
1.311219221131606716e+00
1.322789375764813258e+00
1.317301529685742878e+00
1.303579493114792598e+00
1.307836328205477017e+00
1.299957740999895250e+00
1.308014090182659572e+00
1.316404749067846325e+00
1.318468548086517700e+00
1.297491865686119183e+00
1.283256439056932763e+00
1.302518109678871383e+00
1.289694042846702970e+00
1.281956555863368763e+00
1.280831355588857079e+00
1.276084852610715359e+00
1.283343158044109700e+00
1.276687703251202066e+00
1.260028482386156057e+00
1.274278478200132625e+00
1.282909638290494314e+00
1.262998235533951075e+00
1.243725600300297884e+00
1.268024441966501215e+00
1.245728104098381195e+00
1.253189261232726892e+00
1.242809124501928153e+00
1.231299993114953750e+00
1.234020410274332846e+00
1.207867141577720460e+00
1.214645187377211499e+00
1.206179784301390612e+00
1.198581875154779652e+00
1.178780810113275734e+00
1.188356269824009104e+00
1.167595358709769826e+00
1.167363653746384955e+00
1.152112563031115755e+00
1.144384666400856787e+00
1.140843772958518798e+00
1.130444547083042650e+00
1.116549275472701552e+00
1.117430462194429097e+00
1.084692776891268196e+00
1.080719167745973763e+00
1.061084570217841971e+00
1.054992477994503020e+00
1.015742565397070862e+00
9.914206742364584102e-01
9.712244436238499645e-01
9.467718146228492060e-01
9.096854976438137896e-01
8.694437967970909398e-01
7.960158209009176034e-01
6.474360160646170925e-01
6.474360160646170925e-01
7.960158209009176034e-01
8.694437967970909398e-01
9.096854976438137896e-01
9.467718146228492060e-01
9.712244436238499645e-01
9.914206742364584102e-01
1.015742565397070862e+00
1.054992477994503020e+00
1.061084570217841971e+00
1.080719167745973763e+00
1.084692776891268196e+00
1.117430462194429097e+00
1.116549275472701552e+00
1.130444547083042650e+00
1.140843772958518798e+00
1.144384666400856787e+00
1.152112563031115755e+00
1.167363653746384955e+00
1.167595358709769826e+00
1.188356269824009104e+00
1.178780810113275734e+00
1.198581875154779652e+00
1.206179784301390612e+00
1.214645187377211499e+00
1.207867141577720460e+00
1.234020410274332846e+00
1.231299993114953750e+00
1.242809124501928153e+00
1.253189261232726892e+00
1.245728104098381195e+00
1.268024441966501215e+00
1.243725600300297884e+00
1.262998235533951075e+00
1.282909638290494314e+00
1.274278478200132625e+00
1.260028482386156057e+00
1.276687703251202066e+00
1.283343158044109700e+00
1.276084852610715359e+00
1.280831355588857079e+00
1.281956555863368763e+00
1.289694042846702970e+00
1.302518109678871383e+00
1.283256439056932763e+00
1.297491865686119183e+00
1.318468548086517700e+00
1.316404749067846325e+00
1.308014090182659572e+00
1.299957740999895250e+00
1.307836328205477017e+00
1.303579493114792598e+00
1.317301529685742878e+00
1.322789375764813258e+00
1.311219221131606716e+00
1.307214410012095485e+00
1.321707417314661015e+00
1.331214483353095446e+00
1.305528293448098509e+00
1.317750221755908058e+00
1.319816802301810199e+00
1.301811146058051705e+00
1.311932869689995229e+00
1.316225489409751148e+00
1.311932869689995229e+00
1.319097507179986195e+00
1.300398716444709279e+00
1.317570720768172166e+00
1.301634483218620630e+00
1.319007631657525437e+00
1.311486779661631630e+00
1.306415368818962364e+00
1.319636930010652520e+00
1.295383087117109255e+00
1.318109320422125919e+00
1.308458633421809125e+00
1.316763364814919512e+00
1.304642004282575485e+00
1.293016014605223418e+00
1.311843635763196403e+00
1.306681644948881171e+00
1.294067355161148569e+00
1.287340382692025997e+00
1.293453938851328644e+00
1.287253316390982505e+00
1.274192541707147797e+00
1.275740529632363618e+00
1.280917864520958460e+00
1.281783365700137622e+00
1.261894154569105808e+00
1.279707419967147430e+00
1.278757383189727648e+00
1.256391960978314515e+00
1.267170762556622421e+00
1.261894154569105808e+00
1.263848358853024934e+00
1.237576337114097313e+00
1.231546998179814167e+00
1.248739398720186244e+00
1.229243986798364219e+00
1.233525238191919726e+00
1.226208834146369497e+00
1.216671366293036627e+00
1.221469488782473078e+00
1.190092792479974904e+00
1.185757126865102151e+00
1.195241114809379113e+00
1.192782454729568897e+00
1.169373549290034120e+00
1.176362240570764328e+00
1.178078041958791289e+00
1.182066940916444153e+00
1.156915682850979010e+00
1.139716334754234950e+00
1.156686438972696962e+00
1.139866586426068196e+00
1.130444547083042650e+00
1.110183788458570575e+00
1.118827264479977046e+00
1.113032273019799234e+00
1.098581889051935434e+00
1.094983727426658504e+00
1.078596925862854050e+00
1.069032185950067770e+00
1.074154824428385169e+00
1.074647417943147332e+00
1.062682958271407685e+00
1.056235572077232732e+00
1.037274738461190893e+00
1.036867986370976880e+00
1.005640468987888170e+00
1.010711774353888259e+00
1.004721170216731352e+00
9.904496432490077495e-01
9.735756663891041995e-01
9.841286727706659576e-01
9.490040968172603897e-01
9.509303409273197616e-01
9.414592249101545463e-01
9.221169702339224727e-01
9.287256583057139636e-01
9.109994013206517138e-01
8.802802622831222834e-01
8.720269617477391932e-01
8.634422355291206941e-01
8.473876227495207303e-01
8.388997451218074275e-01
8.302076488739018600e-01
8.195704173097979606e-01
7.972418011722748332e-01
7.795319311792283656e-01
7.595587618363150995e-01
7.469010110489566756e-01
7.272644730027586490e-01
7.219573157403544883e-01
6.871509052078792479e-01
6.813866513415565151e-01
6.687835249506832724e-01
6.347068709491328065e-01
6.366581796253711900e-01
5.946286473817217200e-01
5.842299401608244125e-01
5.597896722746558140e-01
5.257983907418655178e-01
5.147601709134352888e-01
4.967086357350272152e-01
4.695167457487290363e-01
4.463062680787963643e-01
4.129606141923360951e-01
3.943222881584240724e-01
3.618107890921624659e-01
3.375382492504250820e-01
3.007376671560848536e-01
2.772841787174744610e-01
2.347879879049656893e-01
1.989675393701784145e-01
1.654912481729464702e-01
1.332916023515551274e-01
8.337628541313968356e-02
4.773656964625594412e-02
-5.829588201340385467e-04
-5.026938117190127286e-02
-1.016278058743793622e-01
-1.475575464219769373e-01
-2.086650514997927530e-01
-2.672647661599754088e-01
-3.296267974684159441e-01
-4.032741845227523214e-01
-4.793356705566953480e-01
-5.636923556411321812e-01
-6.522809867936878447e-01
-7.621624413137002563e-01
-8.712023968603919144e-01
-1.008745622103733197e+00
-1.173843471412425288e+00
-1.362301936763923749e+00
-1.604621557975201895e+00
-1.935941914438480183e+00
-2.457548588702234582e+00
-4.391137232781439081e+00
