-5.107527418839564959e+00 -2.600494273943024570e+00 -2.252312751890387599e+00 -2.122609889015816709e+00 -2.122694778914671510e+00 -2.116693997320422849e+00 -2.031727615813740506e+00 -1.832484535928615266e+00 -1.631330068849655923e+00 -1.438931160707222601e+00 -1.073879229496187193e+00 -7.777091267827378473e-01 -5.586132570374064965e-01 -3.817712497795144877e-01 -2.403092234403403360e-01 -1.246551039240304526e-01 -3.211815464118705776e-02 2.062641795726971594e-02 2.504216756839383606e-02 -9.115375260877245367e-02
-2.604628782773758200e+00 -9.759563787721781125e-02 2.505858841754191602e-01 3.802887470499900502e-01 3.802038571511352494e-01 3.862046387453839102e-01 4.711710202520662527e-01 6.704141001371914932e-01 8.715685672161508357e-01 1.063967475358584158e+00 1.429019406569619566e+00 1.725189509283068912e+00 1.944285379028400262e+00 2.121127386286292271e+00 2.262589412625466423e+00 2.378243532141776306e+00 2.470780481424619701e+00 2.523525054023076475e+00 2.527940803634200595e+00 2.411744883457034305e+00
-2.228033627449513165e+00 2.789995174470272232e-01 6.271810394996641946e-01 7.568839023742350847e-01 7.567990124753802839e-01 7.627997940696289447e-01 8.477661755763112872e-01 1.047009255461436528e+00 1.248163722540395870e+00 1.440562630682829193e+00 1.805614561893864600e+00 2.101784664607313946e+00 2.320880534352645519e+00 2.497722541610537306e+00 2.639184567949711457e+00 2.754838687466021341e+00 2.847375636748864736e+00 2.900120209347321509e+00 2.904535958958445629e+00 2.788340038781279340e+00
-2.053934547991991710e+00 4.530985969045486783e-01 8.012801189571856497e-01 9.309829818317565397e-01 9.308980919329017389e-01 9.368988735271503998e-01 1.021865255033832742e+00 1.221108334918957983e+00 1.422262801997917325e+00 1.614661710140350648e+00 1.979713641351386055e+00 2.275883744064835401e+00 2.494979613810166974e+00 2.671821621068058761e+00 2.813283647407232912e+00 2.928937766923542796e+00 3.021474716206386191e+00 3.074219288804842964e+00 3.078635038415967085e+00 2.962439118238800795e+00
-2.009299234312251770e+00 4.977339105842886191e-01 8.459154326369255905e-01 9.756182955114964805e-01 9.755334056126416797e-01 9.815341872068903406e-01 1.066500568713572683e+00 1.265743648598697924e+00 1.466898115677657266e+00 1.659297023820090589e+00 2.024348955031125996e+00 2.320519057744575342e+00 2.539614927489906471e+00 2.716456934747798702e+00 2.857918961086972853e+00 2.973573080603282737e+00 3.066110029886126132e+00 3.118854602484582905e+00 3.123270352095707025e+00 3.007074431918540736e+00
-2.022376433867652867e+00 4.846567110288875213e-01 8.328382330815244927e-01 9.625410959560953827e-01 9.624562060572405819e-01 9.684569876514892428e-01 1.053423369158171585e+00 1.252666449043296826e+00 1.453820916122256168e+00 1.646219824264689491e+00 2.011271755475724898e+00 2.307441858189174244e+00 2.526537727934505817e+00 2.703379735192397604e+00 2.844841761531571755e+00 2.960495881047881639e+00 3.053032830330725034e+00 3.105777402929181807e+00 3.110193152540305928e+00 2.993997232363139638e+00
-2.024600317576235931e+00 4.824328273203044581e-01 8.306143493729414296e-01 9.603172122475123196e-01 9.602323223486575188e-01 9.662331039429061796e-01 1.051199485449588522e+00 1.250442565334713763e+00 1.451597032413673105e+00 1.643995940556106428e+00 2.009047871767141835e+00 2.305217974480591181e+00 2.524313844225922310e+00 2.701155851483814541e+00 2.842617877822988692e+00 2.958271997339298576e+00 3.050808946622141971e+00 3.103553519220598744e+00 3.107969268831722864e+00 2.991773348654556575e+00
-1.917888638499052334e+00 5.891445063974880547e-01 9.373260284501250261e-01 1.067028891324695916e+00 1.066944001425841115e+00 1.072944783020089776e+00 1.157911164526772119e+00 1.357154244411897359e+00 1.558308711490856702e+00 1.750707619633290024e+00 2.115759550844325432e+00 2.411929653557774778e+00 2.631025523303105906e+00 2.807867530560998137e+00 2.949329556900172289e+00 3.064983676416482172e+00 3.157520625699325567e+00 3.210265198297782341e+00 3.214680947908906461e+00 3.098485027731740171e+00
-1.800619415661740330e+00 7.064137292348000585e-01 1.054595251287437030e+00 1.184298114162007920e+00 1.184213224263153119e+00 1.190214005857401780e+00 1.275180387364084122e+00 1.474423467249209363e+00 1.675577934328168705e+00 1.867976842470602028e+00 2.233028773681637436e+00 2.529198876395086781e+00 2.748294746140418354e+00 2.925136753398310141e+00 3.066598779737484293e+00 3.182252899253794176e+00 3.274789848536637571e+00 3.327534421135094345e+00 3.331950170746218465e+00 3.215754250569052175e+00
-1.720169115838842799e+00 7.868640290576975893e-01 1.135045551110334561e+00 1.264748413984905451e+00 1.264663524086050650e+00 1.270664305680299311e+00 1.355630687186981653e+00 1.554873767072106894e+00 1.756028234151066236e+00 1.948427142293499559e+00 2.313479073504534966e+00 2.609649176217984312e+00 2.828745045963315441e+00 3.005587053221207672e+00 3.147049079560381823e+00 3.262703199076691707e+00 3.355240148359535102e+00 3.407984720957991875e+00 3.412400470569115996e+00 3.296204550391949706e+00
-1.418423651617616965e+00 1.088609493278923424e+00 1.436791015331560395e+00 1.566493878206131285e+00 1.566408988307276484e+00 1.572409769901525145e+00 1.657376151408207487e+00 1.856619231293332728e+00 2.057773698372292071e+00 2.250172606514725615e+00 2.615224537725760801e+00 2.911394640439210146e+00 3.130490510184541719e+00 3.307332517442433506e+00 3.448794543781607658e+00 3.564448663297917541e+00 3.656985612580760936e+00 3.709730185179217710e+00 3.714145934790341830e+00 3.597950014613175540e+00
-1.150595766689680666e+00 1.356437378206859723e+00 1.704618900259496694e+00 1.834321763134067584e+00 1.834236873235212784e+00 1.840237654829461444e+00 1.925204036336143787e+00 2.124447116221269027e+00 2.325601583300228370e+00 2.518000491442661470e+00 2.883052422653697100e+00 3.179222525367146446e+00 3.398318395112477575e+00 3.575160402370369805e+00 3.716622428709543957e+00 3.832276548225853841e+00 3.924813497508697235e+00 3.977558070107154009e+00 3.981973819718278129e+00 3.865777899541111839e+00
-9.798291756907808736e-01 1.527203969205759515e+00 1.875385491258396486e+00 2.005088354132967154e+00 2.005003464234112798e+00 2.011004245828361015e+00 2.095970627335043801e+00 2.295213707220169042e+00 2.496368174299128384e+00 2.688767082441561485e+00 3.053819013652597114e+00 3.349989116366046460e+00 3.569084986111377589e+00 3.745926993369269375e+00 3.887389019708443527e+00 4.003043139224753411e+00 4.095580088507596805e+00 4.148324661106054023e+00 4.152740410717178143e+00 4.036544490540011410e+00
-8.484685207672426621e-01 1.658564624129297727e+00 2.006746146181934698e+00 2.136449009056505588e+00 2.136364119157650787e+00 2.142364900751899448e+00 2.227331282258581791e+00 2.426574362143707031e+00 2.627728829222666374e+00 2.820127737365099918e+00 3.185179668576135104e+00 3.481349771289584449e+00 3.700445641034916022e+00 3.877287648292807809e+00 4.018749674631981961e+00 4.134403794148291844e+00 4.226940743431135239e+00 4.279685316029592457e+00 4.284101065640715689e+00 4.167905145463549843e+00
-7.495311213930331284e-01 1.757502023503507260e+00 2.105683545556144232e+00 2.235386408430715122e+00 2.235301518531860321e+00 2.241302300126108982e+00 2.326268681632791324e+00 2.525511761517916565e+00 2.726666228596875907e+00 2.919065136739309452e+00 3.284117067950344637e+00 3.580287170663793983e+00 3.799383040409125556e+00 3.976225047667017343e+00 4.117687074006191494e+00 4.233341193522501378e+00 4.325878142805344773e+00 4.378622715403801990e+00 4.383038465014925222e+00 4.266842544837759377e+00
-6.909678872291473706e-01 1.816065257667393018e+00 2.164246779720030212e+00 2.293949642594601102e+00 2.293864752695745857e+00 2.299865534289994962e+00 2.384831915796676860e+00 2.584074995681802100e+00 2.785229462760761443e+00 2.977628370903194988e+00 3.342680302114230173e+00 3.638850404827679519e+00 3.857946274573011092e+00 4.034788281830903323e+00 4.176250308170077474e+00 4.291904427686387358e+00 4.384441376969230753e+00 4.437185949567687082e+00 4.441601699178811202e+00 4.325405779001645357e+00
-6.649666284935151772e-01 1.842066516403025211e+00 2.190248038455662183e+00 2.319950901330233073e+00 2.319866011431378272e+00 2.325866793025626933e+00 2.410833174532309275e+00 2.610076254417434516e+00 2.811230721496393858e+00 3.003629629638827403e+00 3.368681560849862588e+00 3.664851663563311934e+00 3.883947533308643507e+00 4.060789540566535294e+00 4.202251566905709446e+00 4.317905686422019329e+00 4.410442635704862724e+00 4.463187208303319053e+00 4.467602957914444062e+00 4.351407037737277328e+00
-6.910507506890453122e-01 1.815982394207495076e+00 2.164163916260132048e+00 2.293866779134702938e+00 2.293781889235848137e+00 2.299782670830096798e+00 2.384749052336779140e+00 2.583992132221904381e+00 2.785146599300863723e+00 2.977545507443297268e+00 3.342597438654332453e+00 3.638767541367781799e+00 3.857863411113113372e+00 4.034705418371005159e+00 4.176167444710179311e+00 4.291821564226489194e+00 4.384358513509332589e+00 4.437103086107789807e+00 4.441518835718913039e+00 4.325322915541747193e+00
-8.010144523587567900e-01 1.706018692537783599e+00 2.054200214590420792e+00 2.183903077464991682e+00 2.183818187566136437e+00 2.189818969160385542e+00 2.274785350667067441e+00 2.474028430552192681e+00 2.675182897631152024e+00 2.867581805773585568e+00 3.232633736984620754e+00 3.528803839698070099e+00 3.747899709443401672e+00 3.924741716701293903e+00 4.066203743040468055e+00 4.181857862556777938e+00 4.274394811839621333e+00 4.327139384438077663e+00 4.331555134049201783e+00 4.215359213872035937e+00
-1.287175603638490262e+00 1.219857541258050126e+00 1.568039063310687098e+00 1.697741926185257988e+00 1.697657036286403187e+00 1.703657817880651848e+00 1.788624199387334190e+00 1.987867279272459431e+00 2.189021746351418773e+00 2.381420654493852318e+00 2.746472585704887504e+00 3.042642688418336849e+00 3.261738558163668422e+00 3.438580565421560209e+00 3.580042591760734361e+00 3.695696711277044244e+00 3.788233660559887639e+00 3.840978233158344413e+00 3.845393982769468533e+00 3.729198062592302243e+00
