-5.211204729886363296e+00
-2.811312316657708976e+00
-2.274508611571949501e+00
-1.938459605414676545e+00
-1.695265088534549491e+00
-1.498548808926058129e+00
-1.338510690266083714e+00
-1.204436696711223220e+00
-1.091486963725520454e+00
-9.877514889581409108e-01
-8.982733900071639965e-01
-8.161609564550893481e-01
-7.432793010459448624e-01
-6.746623845425574473e-01
-6.182404279275619530e-01
-5.546147320473497899e-01
-4.994107209506921663e-01
-4.468117649690590554e-01
-4.007741226200405293e-01
-3.558125722030922589e-01
-3.198563833054937078e-01
-2.794785151010916735e-01
-2.404410826917793287e-01
-2.118156320216577626e-01
-1.745581661761210768e-01
-1.379603204285295703e-01
-1.105659438775941084e-01
-8.345840599008269578e-02
-5.459234652576583358e-02
-2.378488365592090759e-02
-9.157937784765479705e-03
2.206157680251941144e-02
3.989534066325539641e-02
6.196051372281985437e-02
8.247984174029276971e-02
1.053605156578267810e-01
1.206433725223448050e-01
1.428662557739439620e-01
1.620366928513838900e-01
1.812701097581772558e-01
1.936090212118912746e-01
2.049353316655420087e-01
2.271515727117492389e-01
2.395651507322131835e-01
2.540796766298623055e-01
2.661815410057783993e-01
2.807726641508470067e-01
2.925740185322087683e-01
3.162050113850192190e-01
3.238067831704132260e-01
3.255639489136807896e-01
3.437728211549284651e-01
3.500966285786102361e-01
3.583048429313038241e-01
3.761636205225951102e-01
3.829895855929947857e-01
3.840901881004725738e-01
3.916065826221615254e-01
4.149247093887868942e-01
4.134267177788579772e-01
4.227384367786211072e-01
4.219146632392369867e-01
4.328928327095677986e-01
4.372963904778757183e-01
4.437434654182208504e-01
4.599107342978854263e-01
4.581383014869846448e-01
4.585020269889419353e-01
4.689961369365960309e-01
4.711883307274931099e-01
4.744936945185997956e-01
4.752171962986224685e-01
4.800862888539665363e-01
4.865721319652855925e-01
4.842161503407922396e-01
4.886565177449462283e-01
4.895371727482071833e-01
4.907615927302497738e-01
4.907289220668680230e-01
4.821571854183055450e-01
4.878743638488902690e-01
4.926255871220401872e-01
4.890804400104737937e-01
4.925437600879778444e-01
4.952804124305281164e-01
4.919548030157390173e-01
4.930675688442871518e-01
4.895534884904506612e-01
4.903206288086501274e-01
4.897819368376410409e-01
4.846381940123425380e-01
4.896677061404659526e-01
4.877440643226691463e-01
4.814933844047057931e-01
4.841836928195704104e-01
4.812991845076695085e-01
4.862956260227129235e-01
4.814124631976408608e-01
4.774875641554796601e-01
4.722301060066271816e-01
4.696836804348158978e-01
4.697476620081442178e-01
4.648011854547107191e-01
4.636240222816958578e-01
4.670480014201032759e-01
4.666811547818063843e-01
4.702436580503448482e-01
4.723263246153805994e-01
4.772941405571984319e-01
4.653584348860100306e-01
4.746222788057785635e-01
4.705958045469245121e-01
4.743008490836189139e-01
4.806197817089241653e-01
4.837942847149605541e-01
4.853365804433078523e-01
4.913825382213836690e-01
4.921674419474566520e-01
4.878580754795986962e-01
4.852228563864855460e-01
4.917258577980589962e-01
4.938210249501668869e-01
4.880861367965021458e-01
5.003803659044514518e-01
4.972021790757086279e-01
4.890478242244302720e-01
4.916114048421871274e-01
5.004133534186809840e-01
5.020145554874417826e-01
5.078134981080317800e-01
5.085448932768592556e-01
5.037672593985451641e-01
5.063191266281297231e-01
5.118428075887599960e-01
5.244175772854582362e-01
5.341454290876068711e-01
5.406492944154077662e-01
5.570266426667043191e-01
5.623119192331920146e-01
5.762712228410595827e-01
5.809262514454793802e-01
5.911503156377797552e-01
6.014982403758040164e-01
6.063458256234035559e-01
6.136338437476727137e-01
6.274905347568040526e-01
6.338976213559845974e-01
6.464735403622743348e-01
6.541572632687504552e-01
6.657655038187275665e-01
6.683179919306514449e-01
6.823061573820705661e-01
6.950890647972869374e-01
6.998495916196212363e-01
7.084435761859371183e-01
7.170915731367379919e-01
7.207239483301801641e-01
7.390445329469823577e-01
7.370154770166053027e-01
7.488713293323066011e-01
7.480047140446650644e-01
7.583899496218826641e-01
7.694020710791171780e-01
7.817816923021858599e-01
7.898122778505474173e-01
7.952020547646174720e-01
8.029174047064717712e-01
8.095237058159892030e-01
8.171922820885928473e-01
8.245323066346141871e-01
8.340888185023747070e-01
8.437142890558515518e-01
8.425524709123379807e-01
8.485853555201430254e-01
8.627025727042259007e-01
8.640541325386461580e-01
8.758928272673163207e-01
8.769017636457832054e-01
8.857615268393317365e-01
9.037200747003026891e-01
8.991386730565888996e-01
9.061671487033038375e-01
9.193203164345202794e-01
9.157408830687199242e-01
9.228371127441885591e-01
9.225855024369042923e-01
9.281862032872219004e-01
9.531362679949779704e-01
9.511151230283356739e-01
9.591982328854324891e-01
9.584678107733406449e-01
9.703510087240996285e-01
9.781927316905960623e-01
9.910681588319789626e-01
9.979889758586608650e-01
9.976906100871385519e-01
1.007091096200651847e+00
1.019071245268595050e+00
1.025073764333312099e+00
1.044209334288817459e+00
1.104187803001295265e+00
1.133576473704204446e+00
1.169152785681315976e+00
1.195145215723256271e+00
1.207780042668890275e+00
1.233264308961334876e+00
1.253513249886072600e+00
1.272358717192400235e+00
1.295722662935503422e+00
1.317290823023160584e+00
1.324071017939758121e+00
1.349345457341689425e+00
1.362421596708333738e+00
1.361757858274987854e+00
1.389740291524191207e+00
1.400596145830750316e+00
1.414405811280966319e+00
1.437924554356749596e+00
1.451323669340409239e+00
1.447914478277429140e+00
1.463521037533945801e+00
1.482408864305559959e+00
1.494057761394026684e+00
1.508959293867881968e+00
1.514900758610112419e+00
1.527627537236535105e+00
1.540191739697286621e+00
1.567049145942313260e+00
1.566091107930734694e+00
1.574022507213145516e+00
1.585770215133916139e+00
1.598596889256226561e+00
1.615305090712148228e+00
1.623688978203960076e+00
1.647295554990341415e+00
1.649895390065376333e+00
1.648750629819641489e+00
1.665109197304564859e+00
1.671632516027218074e+00
1.674670007371716451e+00
1.699909815598175555e+00
1.692058941122438043e+00
1.709313497861357334e+00
1.709037277656856091e+00
1.732396819834548296e+00
1.740116236076216794e+00
1.744971307729295873e+00
1.752327239984341034e+00
1.760202664323838206e+00
1.777501597481355944e+00
1.800961679992854059e+00
1.789043161733827603e+00
1.810330854813489765e+00
1.800416836319238101e+00
1.825792063972263790e+00
1.813575722508950605e+00
1.844527534766710275e+00
1.856810121482382669e+00
1.859695756239881703e+00
1.847885475008183676e+00
1.857899271732600610e+00
1.870802676568507295e+00
1.861495473912953003e+00
1.884796235197049086e+00
1.880459543992774485e+00
1.912233622695929114e+00
1.906564443713881118e+00
1.919638296316483306e+00
1.931504411747711814e+00
1.929230038804115921e+00
1.937108993102244270e+00
1.936346031386717570e+00
1.952069076370896994e+00
1.939192761307788615e+00
1.954113706406001683e+00
1.949817773886330485e+00
1.969403980471046367e+00
1.978185437607102415e+00
1.986898824132667940e+00
1.985222866440853551e+00
2.004482503214381595e+00
2.007604718061154259e+00
1.999817383124224079e+00
2.018534606776315243e+00
2.034238756849006791e+00
2.017406150760383099e+00
2.026317923357563444e+00
2.028444291108932873e+00
2.047710343518382103e+00
2.046858191783815784e+00
2.053617861670378630e+00
2.059795789433001900e+00
2.067592025322687377e+00
2.064513521095600268e+00
2.067987391634719785e+00
2.079521544880007511e+00
2.079921656916713602e+00
2.078322168411919080e+00
2.094514571177356288e+00
2.101605354381558044e+00
2.107182796661561497e+00
2.112956961017653512e+00
2.098828255480025717e+00
2.123351632799323596e+00
2.127707843089327255e+00
2.121347456763128747e+00
2.125024853301802352e+00
2.137918471438812418e+00
2.124941125751202975e+00
2.138172956743659370e+00
2.145324966795461918e+00
2.139956169545827791e+00
2.157705831675961861e+00
2.147634732996223761e+00
2.150207412573163168e+00
2.163780130116863987e+00
2.164650906904732608e+00
2.163432031601470129e+00
2.163954224824824024e+00
2.169366249207822506e+00
2.164041283545985905e+00
2.183292086806062571e+00
2.176657536396255921e+00
2.194179219150258930e+00
2.189613614334884772e+00
2.187204941953972082e+00
2.186670468397689859e+00
2.192117639968074627e+00
2.193999782580604574e+00
2.198495384469664415e+00
2.193641006004867222e+00
2.194358687923175566e+00
2.200570167587315495e+00
2.180810036068125513e+00
2.212470203551784920e+00
2.204823375211550029e+00
2.197684683168676045e+00
2.196604769456813600e+00
2.196694717736614066e+00
2.225624051857916896e+00
2.210188243728078206e+00
2.218611659217867071e+00
2.227384860431110170e+00
2.213841883159657797e+00
2.216499144080916750e+00
2.210917904468221451e+00
2.223589086767548295e+00
2.212013394809659417e+00
2.222757793134491067e+00
2.218611659217867071e+00
2.216040491593860295e+00
2.189434995061390055e+00
2.226550406718049047e+00
2.219623572279697754e+00
2.194627951488953954e+00
2.210735439364166055e+00
2.211282934587259774e+00
2.203826320970781794e+00
2.201925609894868074e+00
2.207365826413111520e+00
2.205095471716788325e+00
2.205639886937566629e+00
2.196334973151387260e+00
2.188988586411506176e+00
2.173488519659635188e+00
2.186670468397689859e+00
2.188274746816635030e+00
2.164476690876416143e+00
2.183203335973965764e+00
2.160825147956213499e+00
2.133939967016335260e+00
2.162562315074218589e+00
2.144470849900354636e+00
2.135715640759013212e+00
2.136562309169594442e+00
2.118847872058928772e+00
2.109076346809526825e+00
2.110065711223645835e+00
2.086184222547228018e+00
2.080081746567259415e+00
2.086023153045390544e+00
2.088361203854489645e+00
2.073459470002289251e+00
2.054866009113794689e+00
2.034085839959038466e+00
2.011558619291875516e+00
1.978330040311425009e+00
1.984131361875510535e+00
1.950520761612997589e+00
1.939401377142488059e+00
1.896386920310051849e+00
1.878625402249717524e+00
1.860916639925669358e+00
1.816708114592019641e+00
1.773016226410920382e+00
1.723502868722073700e+00
1.659784286870838343e+00
1.609988063739582032e+00
1.510226262363152827e+00
1.647814981555104197e+00
