-4.506489630969614524e+00
-2.364998758677691271e+00
-1.817314508004880480e+00
-1.473357900060790371e+00
-1.218725910069949236e+00
-1.023652438969838485e+00
-8.497262410627524076e-01
-7.091055691113279380e-01
-5.898200674057356707e-01
-4.782755108942229327e-01
-3.829916806252686712e-01
-3.034007411691224121e-01
-2.264308075010728061e-01
-1.559427546909546436e-01
-8.138119666501175686e-02
-1.535680086491453267e-02
3.480703664741291448e-02
8.260642158101916266e-02
1.458568401844129170e-01
1.907045860918525904e-01
2.337125497122727324e-01
2.735411762328965324e-01
3.012344909660882308e-01
3.498439327121030118e-01
3.845161859767429746e-01
4.212703195993867666e-01
4.622351570427216672e-01
4.798237639892128925e-01
5.147709736878436360e-01
5.455593036058576928e-01
5.685928921354950205e-01
6.004656947927262678e-01
6.301229842863058650e-01
6.417317659436818644e-01
6.714440223168764987e-01
6.959373341921377687e-01
7.290919363868741954e-01
7.350955270973642541e-01
7.545679418245150316e-01
7.677634466781313449e-01
7.961404596265939659e-01
8.162101452766101772e-01
8.253058734579727940e-01
8.389425409250890198e-01
8.693185137151644426e-01
8.887722222125287175e-01
9.058035240945638833e-01
9.109876144323489910e-01
9.262110404909389416e-01
9.505660535449305115e-01
9.564489641598115099e-01
9.571406387314578268e-01
9.788704874876241746e-01
9.872018966259457073e-01
1.002433535099491735e+00
1.009650985112971355e+00
1.027554590247401478e+00
1.045230305079805078e+00
1.050483107702664398e+00
1.061635355687178262e+00
1.069036705263613385e+00
1.080555537549155787e+00
1.093688047554149279e+00
1.097077881308662128e+00
1.116849736582549824e+00
1.105656593837720081e+00
1.117391037884063465e+00
1.132887610338885409e+00
1.146228891559930574e+00
1.154454785009988882e+00
1.170369939838685980e+00
1.160541711316467328e+00
1.176554818104305511e+00
1.180353383822868807e+00
1.177474358398983512e+00
1.181796010807824260e+00
1.189156869383079851e+00
1.215086430506762127e+00
1.220113972817822301e+00
1.208422119277352991e+00
1.201801927230352618e+00
1.252803796640719725e+00
1.239134474756543369e+00
1.253237864796235002e+00
1.250079674104206617e+00
1.235045487947946441e+00
1.265657283639766817e+00
1.250450708676517309e+00
1.248967395672782033e+00
1.250945635684887591e+00
1.274107860510287793e+00
1.270378281927548869e+00
1.272715543343398537e+00
1.292064188200521713e+00
1.286726726572577917e+00
1.290002995844362843e+00
1.302173794101076254e+00
1.292709183062923373e+00
1.301978411639286293e+00
1.287239941877658111e+00
1.306743589232137737e+00
1.287111613356469064e+00
1.297365467748035073e+00
1.318525079374692766e+00
1.307070803658669789e+00
1.302043534885051201e+00
1.318326476216249432e+00
1.312715715267852801e+00
1.307529083806793224e+00
1.306416481839866250e+00
1.303216479109195802e+00
1.317730903290595279e+00
1.319187374915161470e+00
1.318525079374692766e+00
1.312386648826370461e+00
1.318922404060405285e+00
1.311400098711825279e+00
1.314758347678393946e+00
1.326501723636051011e+00
1.315088195621482825e+00
1.310808635480308126e+00
1.319584962886736434e+00
1.310742938932637713e+00
1.306220268751824065e+00
1.317201802749151440e+00
1.317598601907853606e+00
1.315946309803319281e+00
1.316606899072947812e+00
1.306089481411850883e+00
1.308970761644962622e+00
1.320181641394178484e+00
1.300611802244281634e+00
1.305109121214382384e+00
1.299571828149900909e+00
1.304782547944766335e+00
1.307529083806793224e+00
1.311860367648510106e+00
1.292451135193612544e+00
1.310283183908284244e+00
1.291419609088350740e+00
1.282438857214531325e+00
1.289231142715415501e+00
1.279887672719656422e+00
1.297754471902317519e+00
1.267731777547338012e+00
1.278042125373026749e+00
1.275438701354387305e+00
1.275692395780813726e+00
1.259209888766399388e+00
1.262397092664324205e+00
1.263649754734677444e+00
1.257900457558257301e+00
1.252679811766716611e+00
1.263837789458976957e+00
1.240787013615342715e+00
1.224021754265898210e+00
1.236264331416528250e+00
1.228852389829382830e+00
1.212701217688389121e+00
1.199506931077836569e+00
1.201625201949340749e+00
1.193529416795689357e+00
1.197275835741823613e+00
1.191778102862954825e+00
1.177761888232184972e+00
1.192244820099125135e+00
1.175119727016760152e+00
1.152434015307461479e+00
1.153500023768160077e+00
1.140283603871512952e+00
1.140560635205527973e+00
1.123419241980938565e+00
1.121025334417668162e+00
1.105389063939657746e+00
1.109194712678212014e+00
1.116849736582549824e+00
1.075090900879214217e+00
1.057139129024037061e+00
1.055865470650774185e+00
1.056069147009743858e+00
1.026812475185511886e+00
1.023652290845065593e+00
1.009942714584578738e+00
1.000408462083425931e+00
9.835010003919304467e-01
9.600046466019218627e-01
9.579251153642918126e-01
9.336627066994651614e-01
9.165087079384832691e-01
9.019111923124327745e-01
8.858471115106940630e-01
8.555558662430424732e-01
8.326099150191890175e-01
8.048961850558438158e-01
7.642199783765075694e-01
7.281376327725173070e-01
6.811974784856911214e-01
6.234266786834865570e-01
5.356446820775779827e-01
3.461313986599474646e-01
3.461313986599474646e-01
5.356446820775779827e-01
6.234266786834865570e-01
6.811974784856911214e-01
7.281376327725173070e-01
7.642199783765075694e-01
8.048961850558438158e-01
8.326099150191890175e-01
8.555558662430424732e-01
8.858471115106940630e-01
9.019111923124327745e-01
9.165087079384832691e-01
9.336627066994651614e-01
9.579251153642918126e-01
9.600046466019218627e-01
9.835010003919304467e-01
1.000408462083425931e+00
1.009942714584578738e+00
1.023652290845065593e+00
1.026812475185511886e+00
1.056069147009743858e+00
1.055865470650774185e+00
1.057139129024037061e+00
1.075090900879214217e+00
1.116849736582549824e+00
1.109194712678212014e+00
1.105389063939657746e+00
1.121025334417668162e+00
1.123419241980938565e+00
1.140560635205527973e+00
1.140283603871512952e+00
1.153500023768160077e+00
1.152434015307461479e+00
1.175119727016760152e+00
1.192244820099125135e+00
1.177761888232184972e+00
1.191778102862954825e+00
1.197275835741823613e+00
1.193529416795689357e+00
1.201625201949340749e+00
1.199506931077836569e+00
1.212701217688389121e+00
1.228852389829382830e+00
1.236264331416528250e+00
1.224021754265898210e+00
1.240787013615342715e+00
1.263837789458976957e+00
1.252679811766716611e+00
1.257900457558257301e+00
1.263649754734677444e+00
1.262397092664324205e+00
1.259209888766399388e+00
1.275692395780813726e+00
1.275438701354387305e+00
1.278042125373026749e+00
1.267731777547338012e+00
1.297754471902317519e+00
1.279887672719656422e+00
1.289231142715415501e+00
1.282438857214531325e+00
1.291419609088350740e+00
1.310283183908284244e+00
1.292451135193612544e+00
1.311860367648510106e+00
1.307529083806793224e+00
1.304782547944766335e+00
1.299571828149900909e+00
1.305109121214382384e+00
1.300611802244281634e+00
1.320181641394178484e+00
1.308970761644962622e+00
1.306089481411850883e+00
1.316606899072947812e+00
1.315946309803319281e+00
1.317598601907853606e+00
1.317201802749151440e+00
1.306220268751824065e+00
1.310742938932637713e+00
1.319584962886736434e+00
1.310808635480308126e+00
1.315088195621482825e+00
1.326501723636051011e+00
1.314758347678393946e+00
1.311400098711825279e+00
1.318922404060405285e+00
1.312386648826370461e+00
1.318525079374692766e+00
1.319187374915161470e+00
1.317730903290595279e+00
1.303216479109195802e+00
1.306416481839866250e+00
1.307529083806793224e+00
1.312715715267852801e+00
1.318326476216249432e+00
1.302043534885051201e+00
1.307070803658669789e+00
1.318525079374692766e+00
1.297365467748035073e+00
1.287111613356469064e+00
1.306743589232137737e+00
1.287239941877658111e+00
1.301978411639286293e+00
1.292709183062923373e+00
1.302173794101076254e+00
1.290002995844362843e+00
1.286726726572577917e+00
1.292064188200521713e+00
1.272715543343398537e+00
1.270378281927548869e+00
1.274107860510287793e+00
1.250945635684887591e+00
1.248967395672782033e+00
1.250450708676517309e+00
1.265657283639766817e+00
1.235045487947946441e+00
1.250079674104206617e+00
1.253237864796235002e+00
1.239134474756543369e+00
1.252803796640719725e+00
1.201801927230352618e+00
1.208422119277352991e+00
1.220113972817822301e+00
1.215086430506762127e+00
1.189156869383079851e+00
1.181796010807824260e+00
1.177474358398983512e+00
1.180353383822868807e+00
1.176554818104305511e+00
1.160541711316467328e+00
1.170369939838685980e+00
1.154454785009988882e+00
1.146228891559930574e+00
1.132887610338885409e+00
1.117391037884063465e+00
1.105656593837720081e+00
1.116849736582549824e+00
1.097077881308662128e+00
1.093688047554149279e+00
1.080555537549155787e+00
1.069036705263613385e+00
1.061635355687178262e+00
1.050483107702664398e+00
1.045230305079805078e+00
1.027554590247401478e+00
1.009650985112971355e+00
1.002433535099491735e+00
9.872018966259457073e-01
9.788704874876241746e-01
9.571406387314578268e-01
9.564489641598115099e-01
9.505660535449305115e-01
9.262110404909389416e-01
9.109876144323489910e-01
9.058035240945638833e-01
8.887722222125287175e-01
8.693185137151644426e-01
8.389425409250890198e-01
8.253058734579727940e-01
8.162101452766101772e-01
7.961404596265939659e-01
7.677634466781313449e-01
7.545679418245150316e-01
7.350955270973642541e-01
7.290919363868741954e-01
6.959373341921377687e-01
6.714440223168764987e-01
6.417317659436818644e-01
6.301229842863058650e-01
6.004656947927262678e-01
5.685928921354950205e-01
5.455593036058576928e-01
5.147709736878436360e-01
4.798237639892128925e-01
4.622351570427216672e-01
4.212703195993867666e-01
3.845161859767429746e-01
3.498439327121030118e-01
3.012344909660882308e-01
2.735411762328965324e-01
2.337125497122727324e-01
1.907045860918525904e-01
1.458568401844129170e-01
8.260642158101916266e-02
3.480703664741291448e-02
-1.535680086491453267e-02
-8.138119666501175686e-02
-1.559427546909546436e-01
-2.264308075010728061e-01
-3.034007411691224121e-01
-3.829916806252686712e-01
-4.782755108942229327e-01
-5.898200674057356707e-01
-7.091055691113279380e-01
-8.497262410627524076e-01
-1.023652438969838485e+00
-1.218725910069949236e+00
-1.473357900060790371e+00
-1.817314508004880480e+00
-2.364998758677691271e+00
-4.506489630969614524e+00
