-4.192846008151985160e+00
-2.392381920345711066e+00
-1.902990718357608912e+00
-1.589137241134594092e+00
-1.356535938955614640e+00
-1.176498827325181296e+00
-1.025611395783618818e+00
-9.048980813779028409e-01
-7.930830091725447062e-01
-6.972387984631982505e-01
-6.070880772864697406e-01
-5.225486399095018442e-01
-4.537980248988020548e-01
-3.975135783205434592e-01
-3.351856950957472492e-01
-2.705766045488413596e-01
-2.250617104701131410e-01
-1.830213119082273465e-01
-1.246571325994167978e-01
-7.551555247614594180e-02
-3.656333930704747104e-02
4.771364878891404260e-03
3.890716231548374537e-02
6.336587562181961175e-02
9.889258897635322398e-02
1.335313926245227378e-01
1.631779701467763743e-01
1.962095500741281029e-01
2.412566067411372472e-01
2.523664099911133718e-01
2.703399861451849517e-01
3.044620724917983523e-01
3.215284532356115221e-01
3.574752641095013672e-01
3.765861485577879364e-01
3.958316591399260176e-01
4.172138551427124753e-01
4.447882265046843031e-01
4.556432350524453057e-01
4.640692724242168055e-01
4.920692952835477030e-01
5.019319565958717533e-01
5.280396045006785499e-01
5.349134192950799616e-01
5.458312329648062899e-01
5.901574730481211617e-01
5.826797275339750115e-01
5.963835121276375162e-01
6.207148973032730055e-01
6.276591103867854571e-01
6.420739103759451893e-01
6.583979882331263411e-01
6.563910404348263228e-01
6.863701962809223289e-01
6.812976642027965823e-01
7.113111511876173410e-01
7.255877310522844681e-01
7.332194561896550056e-01
7.426736157103466240e-01
7.373080763457142695e-01
7.652878583376274690e-01
7.729699124299322932e-01
7.832469581163898908e-01
7.910687671207732308e-01
7.951356103176880907e-01
8.020695877841319543e-01
8.260844639880069451e-01
8.073466448849764276e-01
8.259017321464749983e-01
8.339736893849405419e-01
8.565135278382935979e-01
8.574559461532622606e-01
8.623708898847244342e-01
8.676910620380926531e-01
8.739019653823678624e-01
8.866348469666451848e-01
8.947249539595940604e-01
9.161907368738209101e-01
9.293759714228109203e-01
9.179921785139129042e-01
9.132952228943569395e-01
9.304910812752957838e-01
9.305925165850155167e-01
9.394570099059951218e-01
9.257351907021540427e-01
9.365954852145197407e-01
9.452047420387970078e-01
9.600336548220731459e-01
9.631727177742863688e-01
9.923082182980706989e-01
9.727552688552822957e-01
9.834994815676054714e-01
9.941441710790197561e-01
9.847837283194547098e-01
9.734962056449347756e-01
1.013352444717286360e+00
1.001630779041169816e+00
9.956586672577270036e-01
1.006215439402142309e+00
9.969586349416097448e-01
1.025659268929519641e+00
1.010381655273750567e+00
1.034736487080637701e+00
1.044351401941673529e+00
1.025659268929519641e+00
1.030243611950186988e+00
1.025993996966118260e+00
1.037667718040754750e+00
1.057508733789692457e+00
1.044465070597663470e+00
1.033723828766250463e+00
1.041060618830105255e+00
1.053027255447625876e+00
1.051995914039530078e+00
1.055437863284312883e+00
1.041627223185452422e+00
1.055322940569713097e+00
1.078927315351711158e+00
1.070141456692415005e+00
1.060969743243598273e+00
1.060969743243598273e+00
1.076342120022381721e+00
1.063399596912367073e+00
1.051881386180502531e+00
1.066764845228989955e+00
1.050965635200757475e+00
1.068160681212281915e+00
1.051194494338956176e+00
1.067695186033388310e+00
1.066067657192382612e+00
1.079515792977121080e+00
1.036313774473885729e+00
1.067113621608738683e+00
1.077163957462239807e+00
1.050165040430483643e+00
1.054174439237542060e+00
1.051537881282181175e+00
1.054518851157597581e+00
1.066532395204697892e+00
1.061663384889907746e+00
1.042534458448406198e+00
1.061547744531294413e+00
1.061316503924413013e+00
1.082463386928738558e+00
1.060623102764074233e+00
1.057969510206092423e+00
1.053027255447625876e+00
1.043101898740541600e+00
1.024655756552279584e+00
1.055322940569713097e+00
1.036088295329751219e+00
1.064326810701558657e+00
1.043669661203985299e+00
1.039249639274602899e+00
1.041060618830105255e+00
1.044010473476525647e+00
1.026552126131692333e+00
1.026105597881361575e+00
1.022206957465703780e+00
1.027669319857544394e+00
1.025101637732333870e+00
1.029907458661122988e+00
1.012471290348123887e+00
1.020984802988820661e+00
1.007748342362990712e+00
9.994549731349238186e-01
9.813627286178707720e-01
9.804026773413987428e-01
9.840343839606742193e-01
1.000977540041349201e+00
9.922003259745046932e-01
9.716977391458936353e-01
9.677945747412710631e-01
9.641163613567602653e-01
9.455135905510587691e-01
9.306939621848986377e-01
9.427373818891382484e-01
9.209013444318383534e-01
9.215042989270418872e-01
9.280597154741538901e-01
9.092158182021936597e-01
8.922812794138028636e-01
8.873146236376374674e-01
8.771661771901051452e-01
8.886755648411810427e-01
8.650274379366127420e-01
8.350794764493318922e-01
8.498477753254416456e-01
8.163549032615549095e-01
8.215261554297317304e-01
7.934538219150919502e-01
7.652018775112985338e-01
7.413295294864923335e-01
7.437670175603106060e-01
6.871651088823984566e-01
6.804284081521707606e-01
6.408583818512916253e-01
6.011880638463811266e-01
5.249245481454920537e-01
3.710057120565934952e-01
3.710057120565934952e-01
5.249245481454920537e-01
6.011880638463811266e-01
6.408583818512916253e-01
6.804284081521707606e-01
6.871651088823984566e-01
7.437670175603106060e-01
7.413295294864923335e-01
7.652018775112985338e-01
7.934538219150919502e-01
8.215261554297317304e-01
8.163549032615549095e-01
8.498477753254416456e-01
8.350794764493318922e-01
8.650274379366127420e-01
8.886755648411810427e-01
8.771661771901051452e-01
8.873146236376374674e-01
8.922812794138028636e-01
9.092158182021936597e-01
9.280597154741538901e-01
9.215042989270418872e-01
9.209013444318383534e-01
9.427373818891382484e-01
9.306939621848986377e-01
9.455135905510587691e-01
9.641163613567602653e-01
9.677945747412710631e-01
9.716977391458936353e-01
9.922003259745046932e-01
1.000977540041349201e+00
9.840343839606742193e-01
9.804026773413987428e-01
9.813627286178707720e-01
9.994549731349238186e-01
1.007748342362990712e+00
1.020984802988820661e+00
1.012471290348123887e+00
1.029907458661122988e+00
1.025101637732333870e+00
1.027669319857544394e+00
1.022206957465703780e+00
1.026105597881361575e+00
1.026552126131692333e+00
1.044010473476525647e+00
1.041060618830105255e+00
1.039249639274602899e+00
1.043669661203985299e+00
1.064326810701558657e+00
1.036088295329751219e+00
1.055322940569713097e+00
1.024655756552279584e+00
1.043101898740541600e+00
1.053027255447625876e+00
1.057969510206092423e+00
1.060623102764074233e+00
1.082463386928738558e+00
1.061316503924413013e+00
1.061547744531294413e+00
1.042534458448406198e+00
1.061663384889907746e+00
1.066532395204697892e+00
1.054518851157597581e+00
1.051537881282181175e+00
1.054174439237542060e+00
1.050165040430483643e+00
1.077163957462239807e+00
1.067113621608738683e+00
1.036313774473885729e+00
1.079515792977121080e+00
1.066067657192382612e+00
1.067695186033388310e+00
1.051194494338956176e+00
1.068160681212281915e+00
1.050965635200757475e+00
1.066764845228989955e+00
1.051881386180502531e+00
1.063399596912367073e+00
1.076342120022381721e+00
1.060969743243598273e+00
1.060969743243598273e+00
1.070141456692415005e+00
1.078927315351711158e+00
1.055322940569713097e+00
1.041627223185452422e+00
1.055437863284312883e+00
1.051995914039530078e+00
1.053027255447625876e+00
1.041060618830105255e+00
1.033723828766250463e+00
1.044465070597663470e+00
1.057508733789692457e+00
1.037667718040754750e+00
1.025993996966118260e+00
1.030243611950186988e+00
1.025659268929519641e+00
1.044351401941673529e+00
1.034736487080637701e+00
1.010381655273750567e+00
1.025659268929519641e+00
9.969586349416097448e-01
1.006215439402142309e+00
9.956586672577270036e-01
1.001630779041169816e+00
1.013352444717286360e+00
9.734962056449347756e-01
9.847837283194547098e-01
9.941441710790197561e-01
9.834994815676054714e-01
9.727552688552822957e-01
9.923082182980706989e-01
9.631727177742863688e-01
9.600336548220731459e-01
9.452047420387970078e-01
9.365954852145197407e-01
9.257351907021540427e-01
9.394570099059951218e-01
9.305925165850155167e-01
9.304910812752957838e-01
9.132952228943569395e-01
9.179921785139129042e-01
9.293759714228109203e-01
9.161907368738209101e-01
8.947249539595940604e-01
8.866348469666451848e-01
8.739019653823678624e-01
8.676910620380926531e-01
8.623708898847244342e-01
8.574559461532622606e-01
8.565135278382935979e-01
8.339736893849405419e-01
8.259017321464749983e-01
8.073466448849764276e-01
8.260844639880069451e-01
8.020695877841319543e-01
7.951356103176880907e-01
7.910687671207732308e-01
7.832469581163898908e-01
7.729699124299322932e-01
7.652878583376274690e-01
7.373080763457142695e-01
7.426736157103466240e-01
7.332194561896550056e-01
7.255877310522844681e-01
7.113111511876173410e-01
6.812976642027965823e-01
6.863701962809223289e-01
6.563910404348263228e-01
6.583979882331263411e-01
6.420739103759451893e-01
6.276591103867854571e-01
6.207148973032730055e-01
5.963835121276375162e-01
5.826797275339750115e-01
5.901574730481211617e-01
5.458312329648062899e-01
5.349134192950799616e-01
5.280396045006785499e-01
5.019319565958717533e-01
4.920692952835477030e-01
4.640692724242168055e-01
4.556432350524453057e-01
4.447882265046843031e-01
4.172138551427124753e-01
3.958316591399260176e-01
3.765861485577879364e-01
3.574752641095013672e-01
3.215284532356115221e-01
3.044620724917983523e-01
2.703399861451849517e-01
2.523664099911133718e-01
2.412566067411372472e-01
1.962095500741281029e-01
1.631779701467763743e-01
1.335313926245227378e-01
9.889258897635322398e-02
6.336587562181961175e-02
3.890716231548374537e-02
4.771364878891404260e-03
-3.656333930704747104e-02
-7.551555247614594180e-02
-1.246571325994167978e-01
-1.830213119082273465e-01
-2.250617104701131410e-01
-2.705766045488413596e-01
-3.351856950957472492e-01
-3.975135783205434592e-01
-4.537980248988020548e-01
-5.225486399095018442e-01
-6.070880772864697406e-01
-6.972387984631982505e-01
-7.930830091725447062e-01
-9.048980813779028409e-01
-1.025611395783618818e+00
-1.176498827325181296e+00
-1.356535938955614640e+00
-1.589137241134594092e+00
-1.902990718357608912e+00
-2.392381920345711066e+00
-4.192846008151985160e+00
