  -4.3946987e+00
  -2.0687682e+00
  -1.5184361e+00
  -1.1747435e+00
  -9.3151879e-01
  -7.3231991e-01
  -5.7337506e-01
  -4.4204749e-01
  -3.2656257e-01
  -2.1933213e-01
  -1.3421352e-01
  -4.5478485e-02
   2.9956357e-02
   1.0064252e-01
   1.5972816e-01
   2.1967911e-01
   2.7023592e-01
   3.1409984e-01
   3.7202959e-01
   3.9566173e-01
   4.5961763e-01
   4.8825168e-01
   5.4214519e-01
   5.6705876e-01
   5.9829460e-01
   6.2669934e-01
   6.6298570e-01
   7.0025185e-01
   7.1631524e-01
   7.4572522e-01
   7.6979097e-01
   7.9327104e-01
   8.1427832e-01
   8.4066687e-01
   8.7168879e-01
   8.7235180e-01
   9.0417785e-01
   9.0840016e-01
   9.3016165e-01
   9.5950696e-01
   9.6257317e-01
   9.8521735e-01
   9.9313023e-01
   1.0195542e+00
   1.0381081e+00
   1.0406403e+00
   1.0677476e+00
   1.0786617e+00
   1.0915366e+00
   1.1041933e+00
   1.1234840e+00
   1.1200142e+00
   1.1292060e+00
   1.1400822e+00
   1.1407492e+00
   1.1498652e+00
   1.1632873e+00
   1.1866244e+00
   1.1959588e+00
   1.2044563e+00
   1.2018285e+00
   1.2043851e+00
   1.2224670e+00
   1.2085894e+00
   1.2344127e+00
   1.2372010e+00
   1.2511863e+00
   1.2612215e+00
   1.2631804e+00
   1.2835216e+00
   1.2628788e+00
   1.2572403e+00
   1.2809083e+00
   1.2718149e+00
   1.2889237e+00
   1.2961462e+00
   1.2784548e+00
   1.2965360e+00
   1.3105124e+00
   1.3083008e+00
   1.3304779e+00
   1.3305585e+00
   1.3386584e+00
   1.3227639e+00
   1.3265331e+00
   1.3259708e+00
   1.3200461e+00
   1.3226038e+00
   1.3446948e+00
   1.3358160e+00
   1.3681220e+00
   1.3424064e+00
   1.3361404e+00
   1.3479729e+00
   1.3424881e+00
   1.3572922e+00
   1.3646938e+00
   1.3598641e+00
   1.3587847e+00
   1.3481371e+00
   1.3485477e+00
   1.3442858e+00
   1.3355727e+00
   1.3410197e+00
   1.3501918e+00
   1.3524980e+00
   1.3401233e+00
   1.3497805e+00
   1.3541486e+00
   1.3469884e+00
   1.3501095e+00
   1.3406936e+00
   1.3492872e+00
   1.3368708e+00
   1.3384144e+00
   1.3311234e+00
   1.3451040e+00
   1.3324157e+00
   1.3278999e+00
   1.3282218e+00
   1.3129665e+00
   1.3333860e+00
   1.3299134e+00
   1.3122534e+00
   1.3177337e+00
   1.3185305e+00
   1.3002074e+00
   1.2917133e+00
   1.2922567e+00
   1.2845997e+00
   1.2865278e+00
   1.2829061e+00
   1.2847538e+00
   1.3020874e+00
   1.2730327e+00
   1.2699909e+00
   1.2677156e+00
   1.2679429e+00
   1.2636330e+00
   1.2636330e+00
   1.2455390e+00
   1.2432447e+00
   1.2439842e+00
   1.2359527e+00
   1.2262392e+00
   1.2317782e+00
   1.2255853e+00
   1.2021123e+00
   1.2065207e+00
   1.1911053e+00
   1.1809125e+00
   1.1724054e+00
   1.1778610e+00
   1.1612420e+00
   1.1759240e+00
   1.1459673e+00
   1.1462357e+00
   1.1360230e+00
   1.1313851e+00
   1.1191649e+00
   1.1137597e+00
   1.0943991e+00
   1.0946539e+00
   1.0692373e+00
   1.0701074e+00
   1.0506510e+00
   1.0458455e+00
   1.0524209e+00
   1.0260179e+00
   1.0163675e+00
   1.0094389e+00
   9.9399412e-01
   9.7612069e-01
   9.6749873e-01
   9.4843572e-01
   9.4174196e-01
   9.2989142e-01
   9.0359867e-01
   9.0270424e-01
   8.8054815e-01
   8.5992991e-01
   8.4636716e-01
   8.2975392e-01
   8.0832678e-01
   8.0374334e-01
   7.9016472e-01
   7.4298703e-01
   7.2697815e-01
   7.0111126e-01
   6.7988680e-01
   6.4019840e-01
   6.2546302e-01
   5.8795300e-01
   5.5558307e-01
   5.0754714e-01
   4.5164705e-01
   4.0268622e-01
   3.2838916e-01
   2.2816188e-01
   0.0000000e+00
   0.0000000e+00
   2.2816188e-01
   3.2838916e-01
   4.0268622e-01
   4.5164705e-01
   5.0754714e-01
   5.5558307e-01
   5.8795300e-01
   6.2546302e-01
   6.4019840e-01
   6.7988680e-01
   7.0111126e-01
   7.2697815e-01
   7.4298703e-01
   7.9016472e-01
   8.0374334e-01
   8.0832678e-01
   8.2975392e-01
   8.4636716e-01
   8.5992991e-01
   8.8054815e-01
   9.0270424e-01
   9.0359867e-01
   9.2989142e-01
   9.4174196e-01
   9.4843572e-01
   9.6749873e-01
   9.7612069e-01
   9.9399412e-01
   1.0094389e+00
   1.0163675e+00
   1.0260179e+00
   1.0524209e+00
   1.0458455e+00
   1.0506510e+00
   1.0701074e+00
   1.0692373e+00
   1.0946539e+00
   1.0943991e+00
   1.1137597e+00
   1.1191649e+00
   1.1313851e+00
   1.1360230e+00
   1.1462357e+00
   1.1459673e+00
   1.1759240e+00
   1.1612420e+00
   1.1778610e+00
   1.1724054e+00
   1.1809125e+00
   1.1911053e+00
   1.2065207e+00
   1.2021123e+00
   1.2255853e+00
   1.2317782e+00
   1.2262392e+00
   1.2359527e+00
   1.2439842e+00
   1.2432447e+00
   1.2455390e+00
   1.2636330e+00
   1.2636330e+00
   1.2679429e+00
   1.2677156e+00
   1.2699909e+00
   1.2730327e+00
   1.3020874e+00
   1.2847538e+00
   1.2829061e+00
   1.2865278e+00
   1.2845997e+00
   1.2922567e+00
   1.2917133e+00
   1.3002074e+00
   1.3185305e+00
   1.3177337e+00
   1.3122534e+00
   1.3299134e+00
   1.3333860e+00
   1.3129665e+00
   1.3282218e+00
   1.3278999e+00
   1.3324157e+00
   1.3451040e+00
   1.3311234e+00
   1.3384144e+00
   1.3368708e+00
   1.3492872e+00
   1.3406936e+00
   1.3501095e+00
   1.3469884e+00
   1.3541486e+00
   1.3497805e+00
   1.3401233e+00
   1.3524980e+00
   1.3501918e+00
   1.3410197e+00
   1.3355727e+00
   1.3442858e+00
   1.3485477e+00
   1.3481371e+00
   1.3587847e+00
   1.3598641e+00
   1.3646938e+00
   1.3572922e+00
   1.3424881e+00
   1.3479729e+00
   1.3361404e+00
   1.3424064e+00
   1.3681220e+00
   1.3358160e+00
   1.3446948e+00
   1.3226038e+00
   1.3200461e+00
   1.3259708e+00
   1.3265331e+00
   1.3227639e+00
   1.3386584e+00
   1.3305585e+00
   1.3304779e+00
   1.3083008e+00
   1.3105124e+00
   1.2965360e+00
   1.2784548e+00
   1.2961462e+00
   1.2889237e+00
   1.2718149e+00
   1.2809083e+00
   1.2572403e+00
   1.2628788e+00
   1.2835216e+00
   1.2631804e+00
   1.2612215e+00
   1.2511863e+00
   1.2372010e+00
   1.2344127e+00
   1.2085894e+00
   1.2224670e+00
   1.2043851e+00
   1.2018285e+00
   1.2044563e+00
   1.1959588e+00
   1.1866244e+00
   1.1632873e+00
   1.1498652e+00
   1.1407492e+00
   1.1400822e+00
   1.1292060e+00
   1.1200142e+00
   1.1234840e+00
   1.1041933e+00
   1.0915366e+00
   1.0786617e+00
   1.0677476e+00
   1.0406403e+00
   1.0381081e+00
   1.0195542e+00
   9.9313023e-01
   9.8521735e-01
   9.6257317e-01
   9.5950696e-01
   9.3016165e-01
   9.0840016e-01
   9.0417785e-01
   8.7235180e-01
   8.7168879e-01
   8.4066687e-01
   8.1427832e-01
   7.9327104e-01
   7.6979097e-01
   7.4572522e-01
   7.1631524e-01
   7.0025185e-01
   6.6298570e-01
   6.2669934e-01
   5.9829460e-01
   5.6705876e-01
   5.4214519e-01
   4.8825168e-01
   4.5961763e-01
   3.9566173e-01
   3.7202959e-01
   3.1409984e-01
   2.7023592e-01
   2.1967911e-01
   1.5972816e-01
   1.0064252e-01
   2.9956357e-02
  -4.5478485e-02
  -1.3421352e-01
  -2.1933213e-01
  -3.2656257e-01
  -4.4204749e-01
  -5.7337506e-01
  -7.3231991e-01
  -9.3151879e-01
  -1.1747435e+00
  -1.5184361e+00
  -2.0687682e+00
  -4.3946987e+00
