  -4.7329981e+00
  -2.5241788e+00
  -1.9745200e+00
  -1.6232112e+00
  -1.3693196e+00
  -1.1690540e+00
  -1.0047173e+00
  -8.6593623e-01
  -7.4576759e-01
  -6.3806672e-01
  -5.4432239e-01
  -4.5779775e-01
  -3.8014018e-01
  -3.1227629e-01
  -2.4174442e-01
  -1.8615440e-01
  -1.3515512e-01
  -8.7840457e-02
  -2.3015427e-02
   2.5467346e-02
   5.5416401e-02
   1.0888904e-01
   1.4672810e-01
   1.7719594e-01
   2.1392911e-01
   2.5387017e-01
   2.8501103e-01
   3.1360679e-01
   3.4865204e-01
   3.6956070e-01
   3.9442226e-01
   4.2011791e-01
   4.5023281e-01
   4.6474716e-01
   4.9348945e-01
   5.0642876e-01
   5.2693665e-01
   5.4806353e-01
   5.6462128e-01
   5.8393126e-01
   6.0029940e-01
   6.2526277e-01
   6.5073921e-01
   6.5596402e-01
   6.7498540e-01
   7.0049643e-01
   7.1177892e-01
   7.2667535e-01
   7.2694744e-01
   7.6000639e-01
   7.5593631e-01
   7.7927007e-01
   7.8233330e-01
   7.9453534e-01
   7.9157969e-01
   8.3070171e-01
   8.3807437e-01
   8.3473479e-01
   8.5221339e-01
   8.6150953e-01
   8.5710892e-01
   8.8502891e-01
   8.8227044e-01
   8.8966114e-01
   8.8827455e-01
   8.9882888e-01
   9.3217899e-01
   9.4540788e-01
   9.2690281e-01
   9.4840300e-01
   9.5277043e-01
   9.6139093e-01
   9.4919566e-01
   9.6047397e-01
   9.8382991e-01
   9.8570806e-01
   1.0031905e+00
   9.9319697e-01
   1.0013389e+00
   9.9681404e-01
   1.0208015e+00
   1.0134661e+00
   1.0196461e+00
   1.0221410e+00
   1.0256810e+00
   1.0358827e+00
   1.0352034e+00
   1.0381708e+00
   1.0453785e+00
   1.0427006e+00
   1.0536440e+00
   1.0388521e+00
   1.0610279e+00
   1.0648993e+00
   1.0583710e+00
   1.0498785e+00
   1.0629300e+00
   1.0593823e+00
   1.0622955e+00
   1.0710225e+00
   1.0885131e+00
   1.0708306e+00
   1.0694882e+00
   1.0741625e+00
   1.0924272e+00
   1.0883829e+00
   1.0744834e+00
   1.0958319e+00
   1.0771835e+00
   1.1043286e+00
   1.0825410e+00
   1.0863668e+00
   1.0890992e+00
   1.0856524e+00
   1.0795037e+00
   1.0705748e+00
   1.0763470e+00
   1.0845493e+00
   1.0846142e+00
   1.0870167e+00
   1.0920351e+00
   1.0778919e+00
   1.0634378e+00
   1.0707027e+00
   1.0745476e+00
   1.0791811e+00
   1.0695521e+00
   1.0742266e+00
   1.0712785e+00
   1.0636283e+00
   1.0636283e+00
   1.0599516e+00
   1.0766043e+00
   1.0644543e+00
   1.0692966e+00
   1.0630569e+00
   1.0537069e+00
   1.0493149e+00
   1.0556581e+00
   1.0392858e+00
   1.0362534e+00
   1.0359445e+00
   1.0192207e+00
   1.0237263e+00
   1.0064240e+00
   1.0339080e+00
   1.0170968e+00
   1.0270271e+00
   1.0082851e+00
   1.0128019e+00
   1.0043270e+00
   9.9556734e-01
   9.9272357e-01
   9.8424045e-01
   9.8248216e-01
   9.7078067e-01
   9.5767101e-01
   9.4828981e-01
   9.6685275e-01
   9.4073537e-01
   9.4569006e-01
   9.2673665e-01
   9.3245746e-01
   9.3089904e-01
   9.2231577e-01
   9.1769480e-01
   9.0857079e-01
   8.8486956e-01
   8.7540735e-01
   8.7703966e-01
   8.7404037e-01
   8.5334496e-01
   8.3085266e-01
   8.4234093e-01
   8.1869917e-01
   8.1102339e-01
   7.9264466e-01
   7.9395321e-01
   7.7965246e-01
   7.5192922e-01
   7.4793813e-01
   7.3053680e-01
   7.2622204e-01
   7.1298576e-01
   6.8111827e-01
   6.6636817e-01
   6.4600156e-01
   6.2912124e-01
   6.1276388e-01
   6.0053918e-01
   5.7228504e-01
   5.5152066e-01
   5.1310823e-01
   4.8897493e-01
   4.4495069e-01
   4.1243899e-01
   3.7057641e-01
   2.8635296e-01
   2.0549321e-01
   0.0000000e+00
   0.0000000e+00
   2.0549321e-01
   2.8635296e-01
   3.7057641e-01
   4.1243899e-01
   4.4495069e-01
   4.8897493e-01
   5.1310823e-01
   5.5152066e-01
   5.7228504e-01
   6.0053918e-01
   6.1276388e-01
   6.2912124e-01
   6.4600156e-01
   6.6636817e-01
   6.8111827e-01
   7.1298576e-01
   7.2622204e-01
   7.3053680e-01
   7.4793813e-01
   7.5192922e-01
   7.7965246e-01
   7.9395321e-01
   7.9264466e-01
   8.1102339e-01
   8.1869917e-01
   8.4234093e-01
   8.3085266e-01
   8.5334496e-01
   8.7404037e-01
   8.7703966e-01
   8.7540735e-01
   8.8486956e-01
   9.0857079e-01
   9.1769480e-01
   9.2231577e-01
   9.3089904e-01
   9.3245746e-01
   9.2673665e-01
   9.4569006e-01
   9.4073537e-01
   9.6685275e-01
   9.4828981e-01
   9.5767101e-01
   9.7078067e-01
   9.8248216e-01
   9.8424045e-01
   9.9272357e-01
   9.9556734e-01
   1.0043270e+00
   1.0128019e+00
   1.0082851e+00
   1.0270271e+00
   1.0170968e+00
   1.0339080e+00
   1.0064240e+00
   1.0237263e+00
   1.0192207e+00
   1.0359445e+00
   1.0362534e+00
   1.0392858e+00
   1.0556581e+00
   1.0493149e+00
   1.0537069e+00
   1.0630569e+00
   1.0692966e+00
   1.0644543e+00
   1.0766043e+00
   1.0599516e+00
   1.0636283e+00
   1.0636283e+00
   1.0712785e+00
   1.0742266e+00
   1.0695521e+00
   1.0791811e+00
   1.0745476e+00
   1.0707027e+00
   1.0634378e+00
   1.0778919e+00
   1.0920351e+00
   1.0870167e+00
   1.0846142e+00
   1.0845493e+00
   1.0763470e+00
   1.0705748e+00
   1.0795037e+00
   1.0856524e+00
   1.0890992e+00
   1.0863668e+00
   1.0825410e+00
   1.1043286e+00
   1.0771835e+00
   1.0958319e+00
   1.0744834e+00
   1.0883829e+00
   1.0924272e+00
   1.0741625e+00
   1.0694882e+00
   1.0708306e+00
   1.0885131e+00
   1.0710225e+00
   1.0622955e+00
   1.0593823e+00
   1.0629300e+00
   1.0498785e+00
   1.0583710e+00
   1.0648993e+00
   1.0610279e+00
   1.0388521e+00
   1.0536440e+00
   1.0427006e+00
   1.0453785e+00
   1.0381708e+00
   1.0352034e+00
   1.0358827e+00
   1.0256810e+00
   1.0221410e+00
   1.0196461e+00
   1.0134661e+00
   1.0208015e+00
   9.9681404e-01
   1.0013389e+00
   9.9319697e-01
   1.0031905e+00
   9.8570806e-01
   9.8382991e-01
   9.6047397e-01
   9.4919566e-01
   9.6139093e-01
   9.5277043e-01
   9.4840300e-01
   9.2690281e-01
   9.4540788e-01
   9.3217899e-01
   8.9882888e-01
   8.8827455e-01
   8.8966114e-01
   8.8227044e-01
   8.8502891e-01
   8.5710892e-01
   8.6150953e-01
   8.5221339e-01
   8.3473479e-01
   8.3807437e-01
   8.3070171e-01
   7.9157969e-01
   7.9453534e-01
   7.8233330e-01
   7.7927007e-01
   7.5593631e-01
   7.6000639e-01
   7.2694744e-01
   7.2667535e-01
   7.1177892e-01
   7.0049643e-01
   6.7498540e-01
   6.5596402e-01
   6.5073921e-01
   6.2526277e-01
   6.0029940e-01
   5.8393126e-01
   5.6462128e-01
   5.4806353e-01
   5.2693665e-01
   5.0642876e-01
   4.9348945e-01
   4.6474716e-01
   4.5023281e-01
   4.2011791e-01
   3.9442226e-01
   3.6956070e-01
   3.4865204e-01
   3.1360679e-01
   2.8501103e-01
   2.5387017e-01
   2.1392911e-01
   1.7719594e-01
   1.4672810e-01
   1.0888904e-01
   5.5416401e-02
   2.5467346e-02
  -2.3015427e-02
  -8.7840457e-02
  -1.3515512e-01
  -1.8615440e-01
  -2.4174442e-01
  -3.1227629e-01
  -3.8014018e-01
  -4.5779775e-01
  -5.4432239e-01
  -6.3806672e-01
  -7.4576759e-01
  -8.6593623e-01
  -1.0047173e+00
  -1.1690540e+00
  -1.3693196e+00
  -1.6232112e+00
  -1.9745200e+00
  -2.5241788e+00
  -4.7329981e+00
