  -4.5656937e+00
  -2.7658363e+00
  -2.2755298e+00
  -1.9623499e+00
  -1.7294141e+00
  -1.5505710e+00
  -1.3992489e+00
  -1.2733114e+00
  -1.1692887e+00
  -1.0634837e+00
  -9.8021266e-01
  -8.9727958e-01
  -8.3781320e-01
  -7.6063828e-01
  -6.9691105e-01
  -6.3973563e-01
  -5.8288856e-01
  -5.4466104e-01
  -4.9580357e-01
  -4.6180453e-01
  -4.1288275e-01
  -3.7938885e-01
  -3.3315992e-01
  -3.0100878e-01
  -2.6583466e-01
  -2.4084292e-01
  -2.0410874e-01
  -1.8181864e-01
  -1.3988553e-01
  -1.2724609e-01
  -9.9063537e-02
  -6.8168723e-02
  -3.9026568e-02
  -1.7254699e-02
   1.1318674e-02
   2.0395714e-02
   3.1889066e-02
   6.3838722e-02
   6.6625360e-02
   8.5783274e-02
   1.2773844e-01
   1.3954151e-01
   1.4986678e-01
   1.6132181e-01
   1.7809542e-01
   1.8400540e-01
   2.2050736e-01
   2.3434488e-01
   2.4770745e-01
   2.7299668e-01
   2.7253943e-01
   2.8403381e-01
   3.0215461e-01
   3.0892683e-01
   3.1622265e-01
   3.3299740e-01
   3.5038772e-01
   3.5310926e-01
   3.7811161e-01
   3.8141936e-01
   3.6951194e-01
   3.9407234e-01
   4.0767210e-01
   4.1212996e-01
   4.3123375e-01
   4.4146539e-01
   4.6418431e-01
   4.5043650e-01
   4.7010806e-01
   4.7112975e-01
   4.7803019e-01
   4.9245012e-01
   4.8149834e-01
   4.8989027e-01
   5.0679208e-01
   5.0717736e-01
   5.2604401e-01
   5.3650497e-01
   5.2928901e-01
   5.3561251e-01
   5.5039062e-01
   5.5260613e-01
   5.4948569e-01
   5.7143332e-01
   5.6999610e-01
   5.7390195e-01
   5.7844366e-01
   5.6487995e-01
   6.1575435e-01
   5.9104078e-01
   6.0986536e-01
   6.1200280e-01
   6.0326819e-01
   6.1855035e-01
   6.1661382e-01
   6.2459919e-01
   6.5674639e-01
   6.3724654e-01
   6.5105663e-01
   6.3724654e-01
   6.4363071e-01
   6.4683815e-01
   6.4186549e-01
   6.2665981e-01
   6.4672738e-01
   6.7230651e-01
   6.6924303e-01
   6.6393258e-01
   6.5228110e-01
   6.7606356e-01
   6.8742015e-01
   6.8661291e-01
   6.6799763e-01
   6.8098039e-01
   6.7834745e-01
   6.9564493e-01
   6.9483102e-01
   6.8523058e-01
   6.9984123e-01
   6.8973016e-01
   7.1656718e-01
   6.9355337e-01
   7.0194600e-01
   7.0136090e-01
   6.8052199e-01
   7.1882653e-01
   6.9750778e-01
   6.7480964e-01
   7.0335165e-01
   7.1454997e-01
   6.9972443e-01
   6.8419509e-01
   7.0194600e-01
   7.0758048e-01
   7.0816924e-01
   6.8949892e-01
   6.9401778e-01
   7.0218014e-01
   7.0054233e-01
   6.8396512e-01
   6.8626715e-01
   6.8500038e-01
   6.9285715e-01
   6.9030849e-01
   6.8063657e-01
   6.9995805e-01
   6.8098039e-01
   6.8523058e-01
   6.9692527e-01
   6.8304579e-01
   6.9285715e-01
   6.6145650e-01
   6.8580632e-01
   6.7083033e-01
   6.9123452e-01
   6.7503751e-01
   6.5239249e-01
   6.5216972e-01
   6.5350706e-01
   6.4352030e-01
   6.4473557e-01
   6.5328405e-01
   6.5005591e-01
   6.5484620e-01
   6.3636916e-01
   6.3812470e-01
   6.2590014e-01
   6.2232658e-01
   6.1521755e-01
   5.8144838e-01
   6.0051453e-01
   6.0933172e-01
   5.8915675e-01
   5.9156475e-01
   5.8362986e-01
   5.7524168e-01
   5.7627346e-01
   5.7297550e-01
   5.5462449e-01
   5.3829228e-01
   5.3165564e-01
   5.3422583e-01
   5.0477178e-01
   5.1472019e-01
   4.8913305e-01
   4.9045855e-01
   4.6686416e-01
   4.6114354e-01
   4.4780026e-01
   4.3795330e-01
   4.3114446e-01
   4.0227938e-01
   3.8618816e-01
   3.7287555e-01
   3.3170321e-01
   3.1765635e-01
   2.6404230e-01
   2.2558314e-01
   1.6057221e-01
   0.0000000e+00
   0.0000000e+00
   1.6057221e-01
   2.2558314e-01
   2.6404230e-01
   3.1765635e-01
   3.3170321e-01
   3.7287555e-01
   3.8618816e-01
   4.0227938e-01
   4.3114446e-01
   4.3795330e-01
   4.4780026e-01
   4.6114354e-01
   4.6686416e-01
   4.9045855e-01
   4.8913305e-01
   5.1472019e-01
   5.0477178e-01
   5.3422583e-01
   5.3165564e-01
   5.3829228e-01
   5.5462449e-01
   5.7297550e-01
   5.7627346e-01
   5.7524168e-01
   5.8362986e-01
   5.9156475e-01
   5.8915675e-01
   6.0933172e-01
   6.0051453e-01
   5.8144838e-01
   6.1521755e-01
   6.2232658e-01
   6.2590014e-01
   6.3812470e-01
   6.3636916e-01
   6.5484620e-01
   6.5005591e-01
   6.5328405e-01
   6.4473557e-01
   6.4352030e-01
   6.5350706e-01
   6.5216972e-01
   6.5239249e-01
   6.7503751e-01
   6.9123452e-01
   6.7083033e-01
   6.8580632e-01
   6.6145650e-01
   6.9285715e-01
   6.8304579e-01
   6.9692527e-01
   6.8523058e-01
   6.8098039e-01
   6.9995805e-01
   6.8063657e-01
   6.9030849e-01
   6.9285715e-01
   6.8500038e-01
   6.8626715e-01
   6.8396512e-01
   7.0054233e-01
   7.0218014e-01
   6.9401778e-01
   6.8949892e-01
   7.0816924e-01
   7.0758048e-01
   7.0194600e-01
   6.8419509e-01
   6.9972443e-01
   7.1454997e-01
   7.0335165e-01
   6.7480964e-01
   6.9750778e-01
   7.1882653e-01
   6.8052199e-01
   7.0136090e-01
   7.0194600e-01
   6.9355337e-01
   7.1656718e-01
   6.8973016e-01
   6.9984123e-01
   6.8523058e-01
   6.9483102e-01
   6.9564493e-01
   6.7834745e-01
   6.8098039e-01
   6.6799763e-01
   6.8661291e-01
   6.8742015e-01
   6.7606356e-01
   6.5228110e-01
   6.6393258e-01
   6.6924303e-01
   6.7230651e-01
   6.4672738e-01
   6.2665981e-01
   6.4186549e-01
   6.4683815e-01
   6.4363071e-01
   6.3724654e-01
   6.5105663e-01
   6.3724654e-01
   6.5674639e-01
   6.2459919e-01
   6.1661382e-01
   6.1855035e-01
   6.0326819e-01
   6.1200280e-01
   6.0986536e-01
   5.9104078e-01
   6.1575435e-01
   5.6487995e-01
   5.7844366e-01
   5.7390195e-01
   5.6999610e-01
   5.7143332e-01
   5.4948569e-01
   5.5260613e-01
   5.5039062e-01
   5.3561251e-01
   5.2928901e-01
   5.3650497e-01
   5.2604401e-01
   5.0717736e-01
   5.0679208e-01
   4.8989027e-01
   4.8149834e-01
   4.9245012e-01
   4.7803019e-01
   4.7112975e-01
   4.7010806e-01
   4.5043650e-01
   4.6418431e-01
   4.4146539e-01
   4.3123375e-01
   4.1212996e-01
   4.0767210e-01
   3.9407234e-01
   3.6951194e-01
   3.8141936e-01
   3.7811161e-01
   3.5310926e-01
   3.5038772e-01
   3.3299740e-01
   3.1622265e-01
   3.0892683e-01
   3.0215461e-01
   2.8403381e-01
   2.7253943e-01
   2.7299668e-01
   2.4770745e-01
   2.3434488e-01
   2.2050736e-01
   1.8400540e-01
   1.7809542e-01
   1.6132181e-01
   1.4986678e-01
   1.3954151e-01
   1.2773844e-01
   8.5783274e-02
   6.6625360e-02
   6.3838722e-02
   3.1889066e-02
   2.0395714e-02
   1.1318674e-02
  -1.7254699e-02
  -3.9026568e-02
  -6.8168723e-02
  -9.9063537e-02
  -1.2724609e-01
  -1.3988553e-01
  -1.8181864e-01
  -2.0410874e-01
  -2.4084292e-01
  -2.6583466e-01
  -3.0100878e-01
  -3.3315992e-01
  -3.7938885e-01
  -4.1288275e-01
  -4.6180453e-01
  -4.9580357e-01
  -5.4466104e-01
  -5.8288856e-01
  -6.3973563e-01
  -6.9691105e-01
  -7.6063828e-01
  -8.3781320e-01
  -8.9727958e-01
  -9.8021266e-01
  -1.0634837e+00
  -1.1692887e+00
  -1.2733114e+00
  -1.3992489e+00
  -1.5505710e+00
  -1.7294141e+00
  -1.9623499e+00
  -2.2755298e+00
  -2.7658363e+00
  -4.5656937e+00
