  -4.2827941e+00
  -1.9357878e+00
  -1.3918915e+00
  -1.0485574e+00
  -8.0037726e-01
  -6.0812511e-01
  -4.4319615e-01
  -3.1567534e-01
  -2.0164825e-01
  -9.5821857e-02
   0.0000000e+00
   8.0046507e-02
   1.5400254e-01
   2.2386749e-01
   2.7980399e-01
   3.3143854e-01
   3.8675715e-01
   4.3547349e-01
   4.9241225e-01
   5.3259266e-01
   5.6611006e-01
   6.1878201e-01
   6.3813869e-01
   6.9157569e-01
   7.2339046e-01
   7.4279473e-01
   7.8067879e-01
   8.0266212e-01
   8.2842213e-01
   8.4738904e-01
   8.9722490e-01
   9.1305934e-01
   9.1944113e-01
   9.5114926e-01
   9.5831436e-01
   9.8597089e-01
   1.0090854e+00
   1.0197713e+00
   1.0522705e+00
   1.0470615e+00
   1.0794011e+00
   1.0936557e+00
   1.1048084e+00
   1.1205502e+00
   1.1305250e+00
   1.1540252e+00
   1.1650718e+00
   1.1835103e+00
   1.1930089e+00
   1.1975280e+00
   1.2078475e+00
   1.2259340e+00
   1.2329483e+00
   1.2383594e+00
   1.2661866e+00
   1.2657824e+00
   1.2801911e+00
   1.2893341e+00
   1.3010700e+00
   1.2952265e+00
   1.2959759e+00
   1.2950600e+00
   1.3171906e+00
   1.3253922e+00
   1.3243633e+00
   1.3421746e+00
   1.3448827e+00
   1.3321060e+00
   1.3417385e+00
   1.3541981e+00
   1.3758867e+00
   1.3748045e+00
   1.3727337e+00
   1.3760672e+00
   1.3778737e+00
   1.3911611e+00
   1.3939134e+00
   1.3950164e+00
   1.4027720e+00
   1.4013827e+00
   1.4048132e+00
   1.4122710e+00
   1.4109619e+00
   1.4042561e+00
   1.4223337e+00
   1.4346971e+00
   1.4071378e+00
   1.4306860e+00
   1.4127390e+00
   1.4321167e+00
   1.4255525e+00
   1.4346971e+00
   1.4383401e+00
   1.4418036e+00
   1.4289719e+00
   1.4359419e+00
   1.4143317e+00
   1.4341231e+00
   1.4396856e+00
   1.4276407e+00
   1.4377640e+00
   1.4404553e+00
   1.4214834e+00
   1.4372842e+00
   1.4252680e+00
   1.4306860e+00
   1.4203508e+00
   1.4184659e+00
   1.4249837e+00
   1.4317350e+00
   1.4230901e+00
   1.4063933e+00
   1.4129263e+00
   1.4251732e+00
   1.4075102e+00
   1.4266910e+00
   1.4118033e+00
   1.4288768e+00
   1.4083487e+00
   1.3952004e+00
   1.4010125e+00
   1.4018456e+00
   1.3815873e+00
   1.3950164e+00
   1.3868644e+00
   1.3749848e+00
   1.3526101e+00
   1.3560540e+00
   1.3591548e+00
   1.3688735e+00
   1.3644929e+00
   1.3574703e+00
   1.3469842e+00
   1.3580019e+00
   1.3352199e+00
   1.3490902e+00
   1.3419130e+00
   1.3355665e+00
   1.3264222e+00
   1.3096466e+00
   1.3109986e+00
   1.3041726e+00
   1.2875979e+00
   1.3019076e+00
   1.2740603e+00
   1.2661866e+00
   1.2798631e+00
   1.2640059e+00
   1.2664292e+00
   1.2753651e+00
   1.2473642e+00
   1.2294350e+00
   1.2332612e+00
   1.2141215e+00
   1.2113622e+00
   1.2093741e+00
   1.2027503e+00
   1.1834359e+00
   1.1922577e+00
   1.1688791e+00
   1.1652911e+00
   1.1496981e+00
   1.1359047e+00
   1.1301720e+00
   1.1069436e+00
   1.1047396e+00
   1.0929755e+00
   1.0764540e+00
   1.0789317e+00
   1.0543617e+00
   1.0492069e+00
   1.0247762e+00
   1.0180034e+00
   9.9721421e-01
   9.9056353e-01
   9.7027122e-01
   9.6063475e-01
   9.5374882e-01
   9.2909083e-01
   9.1425283e-01
   9.0468825e-01
   8.8771030e-01
   8.6504302e-01
   8.4208427e-01
   8.1726391e-01
   8.0200113e-01
   7.8356882e-01
   7.5363220e-01
   7.2843063e-01
   7.1175890e-01
   6.7536803e-01
   6.3551023e-01
   5.9672490e-01
   5.6876333e-01
   5.3816002e-01
   4.8535113e-01
   4.1372744e-01
   3.3902375e-01
   2.3381041e-01
   0.0000000e+00
   0.0000000e+00
   2.3381041e-01
   3.3902375e-01
   4.1372744e-01
   4.8535113e-01
   5.3816002e-01
   5.6876333e-01
   5.9672490e-01
   6.3551023e-01
   6.7536803e-01
   7.1175890e-01
   7.2843063e-01
   7.5363220e-01
   7.8356882e-01
   8.0200113e-01
   8.1726391e-01
   8.4208427e-01
   8.6504302e-01
   8.8771030e-01
   9.0468825e-01
   9.1425283e-01
   9.2909083e-01
   9.5374882e-01
   9.6063475e-01
   9.7027122e-01
   9.9056353e-01
   9.9721421e-01
   1.0180034e+00
   1.0247762e+00
   1.0492069e+00
   1.0543617e+00
   1.0789317e+00
   1.0764540e+00
   1.0929755e+00
   1.1047396e+00
   1.1069436e+00
   1.1301720e+00
   1.1359047e+00
   1.1496981e+00
   1.1652911e+00
   1.1688791e+00
   1.1922577e+00
   1.1834359e+00
   1.2027503e+00
   1.2093741e+00
   1.2113622e+00
   1.2141215e+00
   1.2332612e+00
   1.2294350e+00
   1.2473642e+00
   1.2753651e+00
   1.2664292e+00
   1.2640059e+00
   1.2798631e+00
   1.2661866e+00
   1.2740603e+00
   1.3019076e+00
   1.2875979e+00
   1.3041726e+00
   1.3109986e+00
   1.3096466e+00
   1.3264222e+00
   1.3355665e+00
   1.3419130e+00
   1.3490902e+00
   1.3352199e+00
   1.3580019e+00
   1.3469842e+00
   1.3574703e+00
   1.3644929e+00
   1.3688735e+00
   1.3591548e+00
   1.3560540e+00
   1.3526101e+00
   1.3749848e+00
   1.3868644e+00
   1.3950164e+00
   1.3815873e+00
   1.4018456e+00
   1.4010125e+00
   1.3952004e+00
   1.4083487e+00
   1.4288768e+00
   1.4118033e+00
   1.4266910e+00
   1.4075102e+00
   1.4251732e+00
   1.4129263e+00
   1.4063933e+00
   1.4230901e+00
   1.4317350e+00
   1.4249837e+00
   1.4184659e+00
   1.4203508e+00
   1.4306860e+00
   1.4252680e+00
   1.4372842e+00
   1.4214834e+00
   1.4404553e+00
   1.4377640e+00
   1.4276407e+00
   1.4396856e+00
   1.4341231e+00
   1.4143317e+00
   1.4359419e+00
   1.4289719e+00
   1.4418036e+00
   1.4383401e+00
   1.4346971e+00
   1.4255525e+00
   1.4321167e+00
   1.4127390e+00
   1.4306860e+00
   1.4071378e+00
   1.4346971e+00
   1.4223337e+00
   1.4042561e+00
   1.4109619e+00
   1.4122710e+00
   1.4048132e+00
   1.4013827e+00
   1.4027720e+00
   1.3950164e+00
   1.3939134e+00
   1.3911611e+00
   1.3778737e+00
   1.3760672e+00
   1.3727337e+00
   1.3748045e+00
   1.3758867e+00
   1.3541981e+00
   1.3417385e+00
   1.3321060e+00
   1.3448827e+00
   1.3421746e+00
   1.3243633e+00
   1.3253922e+00
   1.3171906e+00
   1.2950600e+00
   1.2959759e+00
   1.2952265e+00
   1.3010700e+00
   1.2893341e+00
   1.2801911e+00
   1.2657824e+00
   1.2661866e+00
   1.2383594e+00
   1.2329483e+00
   1.2259340e+00
   1.2078475e+00
   1.1975280e+00
   1.1930089e+00
   1.1835103e+00
   1.1650718e+00
   1.1540252e+00
   1.1305250e+00
   1.1205502e+00
   1.1048084e+00
   1.0936557e+00
   1.0794011e+00
   1.0470615e+00
   1.0522705e+00
   1.0197713e+00
   1.0090854e+00
   9.8597089e-01
   9.5831436e-01
   9.5114926e-01
   9.1944113e-01
   9.1305934e-01
   8.9722490e-01
   8.4738904e-01
   8.2842213e-01
   8.0266212e-01
   7.8067879e-01
   7.4279473e-01
   7.2339046e-01
   6.9157569e-01
   6.3813869e-01
   6.1878201e-01
   5.6611006e-01
   5.3259266e-01
   4.9241225e-01
   4.3547349e-01
   3.8675715e-01
   3.3143854e-01
   2.7980399e-01
   2.2386749e-01
   1.5400254e-01
   8.0046507e-02
   0.0000000e+00
  -9.5821857e-02
  -2.0164825e-01
  -3.1567534e-01
  -4.4319615e-01
  -6.0812511e-01
  -8.0037726e-01
  -1.0485574e+00
  -1.3918915e+00
  -1.9357878e+00
  -4.2827941e+00
