  -4.6211728e+00
  -2.3622190e+00
  -1.8088402e+00
  -1.4590074e+00
  -1.2119939e+00
  -1.0104814e+00
  -8.5002798e-01
  -7.1274467e-01
  -5.8974273e-01
  -4.8461491e-01
  -3.9061171e-01
  -3.0990167e-01
  -2.3102046e-01
  -1.6725045e-01
  -1.0138825e-01
  -4.6079327e-02
   1.1292479e-02
   5.9323035e-02
   1.2009220e-01
   1.6381763e-01
   2.1441754e-01
   2.4874400e-01
   2.8655497e-01
   3.1834736e-01
   3.4260988e-01
   3.8297150e-01
   4.2271594e-01
   4.4607827e-01
   4.7302610e-01
   5.0924942e-01
   5.2558072e-01
   5.5768735e-01
   5.8264827e-01
   6.1000388e-01
   6.1206881e-01
   6.4088298e-01
   6.7311220e-01
   6.8136522e-01
   6.9999930e-01
   7.1321054e-01
   7.3604346e-01
   7.5803585e-01
   7.7708574e-01
   7.8011516e-01
   7.9108852e-01
   8.2096923e-01
   8.3479138e-01
   8.4488616e-01
   8.6208806e-01
   8.7519895e-01
   8.8525934e-01
   8.8954438e-01
   8.9344203e-01
   9.1119776e-01
   9.3269724e-01
   9.4549104e-01
   9.4032197e-01
   9.5855890e-01
   9.7884557e-01
   9.7328189e-01
   9.7724491e-01
   9.8610825e-01
   9.9263966e-01
   1.0029984e+00
   1.0392424e+00
   1.0305954e+00
   1.0398880e+00
   1.0654001e+00
   1.0385971e+00
   1.0557492e+00
   1.0718053e+00
   1.0641961e+00
   1.0731399e+00
   1.0741116e+00
   1.0870150e+00
   1.0971604e+00
   1.0854774e+00
   1.0975336e+00
   1.1204985e+00
   1.1158631e+00
   1.1094221e+00
   1.1123849e+00
   1.1216448e+00
   1.1134587e+00
   1.1339542e+00
   1.1395173e+00
   1.1445246e+00
   1.1509997e+00
   1.1451768e+00
   1.1384800e+00
   1.1572528e+00
   1.1495572e+00
   1.1553398e+00
   1.1617528e+00
   1.1478550e+00
   1.1589049e+00
   1.1490986e+00
   1.1674065e+00
   1.1761829e+00
   1.1676066e+00
   1.1544176e+00
   1.1726899e+00
   1.1799583e+00
   1.1716176e+00
   1.1814454e+00
   1.1610235e+00
   1.1854444e+00
   1.1614876e+00
   1.1786083e+00
   1.1796881e+00
   1.1971948e+00
   1.1648750e+00
   1.1864637e+00
   1.1780688e+00
   1.1831379e+00
   1.1780014e+00
   1.1783385e+00
   1.1761829e+00
   1.1780014e+00
   1.1757792e+00
   1.1712827e+00
   1.1638775e+00
   1.1776644e+00
   1.1536936e+00
   1.1573849e+00
   1.1507373e+00
   1.1667397e+00
   1.1789456e+00
   1.1513278e+00
   1.1456335e+00
   1.1462211e+00
   1.1498848e+00
   1.1455030e+00
   1.1368613e+00
   1.1483785e+00
   1.1415952e+00
   1.1313129e+00
   1.1233028e+00
   1.1110600e+00
   1.1306697e+00
   1.1127006e+00
   1.1121955e+00
   1.1005860e+00
   1.1094850e+00
   1.0927555e+00
   1.0864612e+00
   1.0741116e+00
   1.0752059e+00
   1.0773371e+00
   1.0867073e+00
   1.0684767e+00
   1.0601135e+00
   1.0491493e+00
   1.0525330e+00
   1.0510475e+00
   1.0402991e+00
   1.0261261e+00
   1.0373078e+00
   1.0142092e+00
   1.0039609e+00
   1.0018107e+00
   1.0012456e+00
   9.8967570e-01
   9.7934285e-01
   9.6818613e-01
   9.6317058e-01
   9.5612601e-01
   9.3841033e-01
   9.2544435e-01
   9.3111604e-01
   9.0990794e-01
   9.0015927e-01
   8.9638799e-01
   8.8435427e-01
   8.6899314e-01
   8.5963347e-01
   8.4764385e-01
   8.2764271e-01
   8.2016763e-01
   7.9987160e-01
   7.8533639e-01
   7.7060566e-01
   7.7123383e-01
   7.5816874e-01
   7.1847616e-01
   6.9649448e-01
   6.9043184e-01
   6.6783664e-01
   6.4704803e-01
   6.1448330e-01
   5.9175893e-01
   5.7023676e-01
   5.2934428e-01
   5.0987131e-01
   4.6810833e-01
   4.2770142e-01
   3.7665965e-01
   3.2890428e-01
   2.1328652e-01
   0.0000000e+00
   0.0000000e+00
   2.1328652e-01
   3.2890428e-01
   3.7665965e-01
   4.2770142e-01
   4.6810833e-01
   5.0987131e-01
   5.2934428e-01
   5.7023676e-01
   5.9175893e-01
   6.1448330e-01
   6.4704803e-01
   6.6783664e-01
   6.9043184e-01
   6.9649448e-01
   7.1847616e-01
   7.5816874e-01
   7.7123383e-01
   7.7060566e-01
   7.8533639e-01
   7.9987160e-01
   8.2016763e-01
   8.2764271e-01
   8.4764385e-01
   8.5963347e-01
   8.6899314e-01
   8.8435427e-01
   8.9638799e-01
   9.0015927e-01
   9.0990794e-01
   9.3111604e-01
   9.2544435e-01
   9.3841033e-01
   9.5612601e-01
   9.6317058e-01
   9.6818613e-01
   9.7934285e-01
   9.8967570e-01
   1.0012456e+00
   1.0018107e+00
   1.0039609e+00
   1.0142092e+00
   1.0373078e+00
   1.0261261e+00
   1.0402991e+00
   1.0510475e+00
   1.0525330e+00
   1.0491493e+00
   1.0601135e+00
   1.0684767e+00
   1.0867073e+00
   1.0773371e+00
   1.0752059e+00
   1.0741116e+00
   1.0864612e+00
   1.0927555e+00
   1.1094850e+00
   1.1005860e+00
   1.1121955e+00
   1.1127006e+00
   1.1306697e+00
   1.1110600e+00
   1.1233028e+00
   1.1313129e+00
   1.1415952e+00
   1.1483785e+00
   1.1368613e+00
   1.1455030e+00
   1.1498848e+00
   1.1462211e+00
   1.1456335e+00
   1.1513278e+00
   1.1789456e+00
   1.1667397e+00
   1.1507373e+00
   1.1573849e+00
   1.1536936e+00
   1.1776644e+00
   1.1638775e+00
   1.1712827e+00
   1.1757792e+00
   1.1780014e+00
   1.1761829e+00
   1.1783385e+00
   1.1780014e+00
   1.1831379e+00
   1.1780688e+00
   1.1864637e+00
   1.1648750e+00
   1.1971948e+00
   1.1796881e+00
   1.1786083e+00
   1.1614876e+00
   1.1854444e+00
   1.1610235e+00
   1.1814454e+00
   1.1716176e+00
   1.1799583e+00
   1.1726899e+00
   1.1544176e+00
   1.1676066e+00
   1.1761829e+00
   1.1674065e+00
   1.1490986e+00
   1.1589049e+00
   1.1478550e+00
   1.1617528e+00
   1.1553398e+00
   1.1495572e+00
   1.1572528e+00
   1.1384800e+00
   1.1451768e+00
   1.1509997e+00
   1.1445246e+00
   1.1395173e+00
   1.1339542e+00
   1.1134587e+00
   1.1216448e+00
   1.1123849e+00
   1.1094221e+00
   1.1158631e+00
   1.1204985e+00
   1.0975336e+00
   1.0854774e+00
   1.0971604e+00
   1.0870150e+00
   1.0741116e+00
   1.0731399e+00
   1.0641961e+00
   1.0718053e+00
   1.0557492e+00
   1.0385971e+00
   1.0654001e+00
   1.0398880e+00
   1.0305954e+00
   1.0392424e+00
   1.0029984e+00
   9.9263966e-01
   9.8610825e-01
   9.7724491e-01
   9.7328189e-01
   9.7884557e-01
   9.5855890e-01
   9.4032197e-01
   9.4549104e-01
   9.3269724e-01
   9.1119776e-01
   8.9344203e-01
   8.8954438e-01
   8.8525934e-01
   8.7519895e-01
   8.6208806e-01
   8.4488616e-01
   8.3479138e-01
   8.2096923e-01
   7.9108852e-01
   7.8011516e-01
   7.7708574e-01
   7.5803585e-01
   7.3604346e-01
   7.1321054e-01
   6.9999930e-01
   6.8136522e-01
   6.7311220e-01
   6.4088298e-01
   6.1206881e-01
   6.1000388e-01
   5.8264827e-01
   5.5768735e-01
   5.2558072e-01
   5.0924942e-01
   4.7302610e-01
   4.4607827e-01
   4.2271594e-01
   3.8297150e-01
   3.4260988e-01
   3.1834736e-01
   2.8655497e-01
   2.4874400e-01
   2.1441754e-01
   1.6381763e-01
   1.2009220e-01
   5.9323035e-02
   1.1292479e-02
  -4.6079327e-02
  -1.0138825e-01
  -1.6725045e-01
  -2.3102046e-01
  -3.0990167e-01
  -3.9061171e-01
  -4.8461491e-01
  -5.8974273e-01
  -7.1274467e-01
  -8.5002798e-01
  -1.0104814e+00
  -1.2119939e+00
  -1.4590074e+00
  -1.8088402e+00
  -2.3622190e+00
  -4.6211728e+00
