  -5.2540903e+00
  -3.2979946e+00
  -2.7818970e+00
  -2.4570266e+00
  -2.2129487e+00
  -2.0295869e+00
  -1.8668489e+00
  -1.7335766e+00
  -1.6162555e+00
  -1.5178444e+00
  -1.4236288e+00
  -1.3432961e+00
  -1.2679628e+00
  -1.1974863e+00
  -1.1356115e+00
  -1.0690422e+00
  -1.0103760e+00
  -9.6717668e-01
  -9.2045789e-01
  -8.6765351e-01
  -8.2566342e-01
  -7.8524032e-01
  -7.4598880e-01
  -7.0691672e-01
  -6.7811428e-01
  -6.4082359e-01
  -6.0790439e-01
  -5.6539698e-01
  -5.5607715e-01
  -5.2295094e-01
  -4.8868968e-01
  -4.5966320e-01
  -4.4669053e-01
  -4.2652764e-01
  -3.8337394e-01
  -3.6738546e-01
  -3.4334576e-01
  -3.3044841e-01
  -3.0182177e-01
  -2.7847878e-01
  -2.6787475e-01
  -2.4132291e-01
  -2.3607511e-01
  -2.1241668e-01
  -1.9604482e-01
  -1.8100694e-01
  -1.6796319e-01
  -1.5164740e-01
  -1.3074753e-01
  -1.1297002e-01
  -9.9893527e-02
  -8.0212326e-02
  -7.0421338e-02
  -6.3091761e-02
  -5.7880196e-02
  -4.2979849e-02
  -2.3280591e-02
  -1.5503465e-02
   8.1029322e-03
   6.8738500e-03
   1.5366369e-02
   4.2214916e-02
   4.9090495e-02
   6.1786560e-02
   7.1314740e-02
   7.2474335e-02
   7.8292570e-02
   9.6676477e-02
   9.4662897e-02
   1.1666931e-01
   1.1450988e-01
   1.2855022e-01
   1.2418456e-01
   1.5400211e-01
   1.2972474e-01
   1.6208019e-01
   1.6877880e-01
   1.6816798e-01
   1.9011235e-01
   1.7507532e-01
   1.8513130e-01
   2.0014950e-01
   2.0803285e-01
   2.1249106e-01
   2.1127321e-01
   2.2281517e-01
   2.3348398e-01
   2.4127723e-01
   2.5311240e-01
   2.4050113e-01
   2.4852994e-01
   2.5850553e-01
   2.6802942e-01
   2.6760011e-01
   2.6252380e-01
   2.7233261e-01
   2.7492345e-01
   2.9526482e-01
   2.7560311e-01
   2.8118141e-01
   2.8747877e-01
   2.9753669e-01
   2.9331262e-01
   3.1320081e-01
   3.0884630e-01
   3.0903801e-01
   3.1063704e-01
   3.1307247e-01
   3.2781094e-01
   3.2768070e-01
   3.2358700e-01
   3.2501464e-01
   3.3585309e-01
   3.2983173e-01
   3.2365185e-01
   3.3159511e-01
   3.3624705e-01
   3.2833204e-01
   3.2852753e-01
   3.2996225e-01
   3.3683828e-01
   3.5206733e-01
   3.4072280e-01
   3.2702979e-01
   3.3329613e-01
   3.2293874e-01
   3.2514453e-01
   3.3841660e-01
   3.3139903e-01
   3.4250551e-01
   3.2989699e-01
   3.3947020e-01
   3.1970375e-01
   3.1938083e-01
   3.3887742e-01
   3.4960173e-01
   3.4873688e-01
   3.4283599e-01
   3.5306864e-01
   3.6199098e-01
   3.4714220e-01
   3.7460388e-01
   3.6455491e-01
   3.5882887e-01
   3.5721802e-01
   3.8103917e-01
   3.7542310e-01
   3.7542310e-01
   3.6739640e-01
   3.6698997e-01
   3.6922734e-01
   3.7549140e-01
   3.8103917e-01
   3.6766744e-01
   3.6435225e-01
   3.7809023e-01
   3.6286737e-01
   3.9285319e-01
   3.8069582e-01
   3.7781635e-01
   3.7099364e-01
   3.6787076e-01
   3.6226056e-01
   3.7637971e-01
   3.7583297e-01
   3.7918649e-01
   3.7706357e-01
   3.7898085e-01
   3.6239537e-01
   3.6360954e-01
   3.6374454e-01
   3.6793855e-01
   3.5970249e-01
   3.5260124e-01
   3.5326902e-01
   3.6617763e-01
   3.6111535e-01
   3.3927257e-01
   3.2540435e-01
   3.4681029e-01
   3.2507958e-01
   3.1989755e-01
   3.1899345e-01
   3.2891861e-01
   3.2086714e-01
   3.1544952e-01
   3.0266734e-01
   2.9930728e-01
   3.0782446e-01
   2.7436770e-01
   2.7541770e-01
   2.5765525e-01
   2.5305197e-01
   2.4498692e-01
   2.1144710e-01
   1.9318123e-01
   1.6900101e-01
   1.3604811e-01
   1.0024893e-01
   0.0000000e+00
   4.0601105e-02
   1.4653186e-01
   1.8835483e-01
   2.2798800e-01
   2.5069796e-01
   2.8460575e-01
   3.1757437e-01
   3.1422817e-01
   3.3716689e-01
   3.5835877e-01
   3.7932361e-01
   3.9598548e-01
   3.8158877e-01
   4.1038028e-01
   4.1023884e-01
   4.2126039e-01
   4.3682490e-01
   4.3067104e-01
   4.3733338e-01
   4.4682389e-01
   4.6810050e-01
   4.5226668e-01
   4.6727662e-01
   4.8259132e-01
   4.9606160e-01
   4.9367579e-01
   4.9506041e-01
   5.2371745e-01
   5.0846678e-01
   5.2284647e-01
   5.2008022e-01
   5.1787271e-01
   5.4307341e-01
   5.2959655e-01
   5.4436644e-01
   5.3968713e-01
   5.4833679e-01
   5.4793093e-01
   5.4849918e-01
   5.5110102e-01
   5.7133198e-01
   5.5796323e-01
   5.7382740e-01
   5.5845520e-01
   5.7808397e-01
   5.7666310e-01
   5.7850226e-01
   5.8656750e-01
   5.9580446e-01
   5.8876307e-01
   5.8698935e-01
   6.0358194e-01
   6.1271836e-01
   6.1107455e-01
   6.1505896e-01
   6.0521347e-01
   5.9393323e-01
   6.1949510e-01
   6.1332466e-01
   6.0281004e-01
   6.2342575e-01
   6.1923361e-01
   6.3177488e-01
   6.0943344e-01
   6.1479863e-01
   6.2807509e-01
   6.2675705e-01
   6.1523256e-01
   6.2281330e-01
   6.3407211e-01
   6.2491470e-01
   6.2115283e-01
   6.2561614e-01
   6.2263839e-01
   6.2412616e-01
   6.2816302e-01
   6.0796735e-01
   6.3681803e-01
   6.1662241e-01
   6.3142193e-01
   6.2351328e-01
   6.1497218e-01
   6.1697018e-01
   6.1610099e-01
   6.0650341e-01
   6.1142039e-01
   6.0865700e-01
   6.1670934e-01
   5.9563420e-01
   6.0960606e-01
   6.0075454e-01
   6.1159336e-01
   6.0684767e-01
   5.9827644e-01
   5.8437673e-01
   6.0418272e-01
   6.0917456e-01
   5.8437673e-01
   5.8986267e-01
   6.0865700e-01
   5.9359338e-01
   5.7432724e-01
   5.8901672e-01
   5.6710399e-01
   5.7457725e-01
   5.7133198e-01
   5.7607862e-01
   5.7733149e-01
   5.6569862e-01
   5.5403621e-01
   5.5706193e-01
   5.6884276e-01
   5.6793160e-01
   5.4242752e-01
   5.3422878e-01
   5.3735566e-01
   5.3735566e-01
   5.3438889e-01
   5.2110679e-01
   5.1386438e-01
   5.2134384e-01
   5.1182708e-01
   4.9606160e-01
   4.9868485e-01
   4.8899769e-01
   4.8571311e-01
   4.7607466e-01
   4.5766510e-01
   4.5226668e-01
   4.6301828e-01
   4.6204961e-01
   4.4104585e-01
   4.3813295e-01
   4.2512886e-01
   4.2462655e-01
   4.1094625e-01
   4.0052729e-01
   3.9654336e-01
   3.9912761e-01
   3.7952932e-01
   3.6963467e-01
   3.5547586e-01
   3.6313719e-01
   3.3591874e-01
   3.2650936e-01
   3.3159511e-01
   3.0903801e-01
   3.0463791e-01
   2.8435631e-01
   2.7628324e-01
   2.7067061e-01
   2.4708720e-01
   2.4360914e-01
   2.3218112e-01
   2.1365230e-01
   1.9329507e-01
   2.0405463e-01
   1.6572842e-01
   1.7094746e-01
   1.3658583e-01
   1.2344111e-01
   1.1146302e-01
   8.9569639e-02
   7.4999844e-02
   6.6990735e-02
   4.1872375e-02
   1.3700139e-02
   7.7245921e-03
  -2.1858540e-02
  -5.4064752e-02
  -6.7574891e-02
  -1.0074235e-01
  -1.0746500e-01
  -1.5907849e-01
  -1.7830185e-01
  -1.9677732e-01
  -2.3012890e-01
  -2.6449504e-01
  -3.0050246e-01
  -3.3445265e-01
  -3.6913859e-01
  -4.1268029e-01
  -4.4965776e-01
  -4.8592279e-01
  -5.5081661e-01
  -5.9497079e-01
  -6.4779501e-01
  -7.1178718e-01
  -7.7483073e-01
  -8.4352376e-01
  -9.2673662e-01
  -1.0138718e+00
  -1.1114481e+00
  -1.2271480e+00
  -1.3616777e+00
  -1.5229834e+00
  -1.7304885e+00
  -2.0045176e+00
  -2.4444643e+00
  -3.7384346e+00
