  -6.2595931e+00
  -3.8593893e+00
  -3.3245424e+00
  -2.9864924e+00
  -2.7411070e+00
  -2.5475643e+00
  -2.3905164e+00
  -2.2557380e+00
  -2.1436096e+00
  -2.0406700e+00
  -1.9495126e+00
  -1.8648747e+00
  -1.7905074e+00
  -1.7272057e+00
  -1.6619023e+00
  -1.6081640e+00
  -1.5489621e+00
  -1.4962828e+00
  -1.4527921e+00
  -1.4099546e+00
  -1.3724979e+00
  -1.3279254e+00
  -1.2866093e+00
  -1.2601088e+00
  -1.2249854e+00
  -1.1900866e+00
  -1.1624691e+00
  -1.1338467e+00
  -1.1042200e+00
  -1.0847772e+00
  -1.0510859e+00
  -1.0329110e+00
  -1.0062721e+00
  -9.8911579e-01
  -9.6761143e-01
  -9.4272518e-01
  -9.2648070e-01
  -9.0284148e-01
  -8.9149392e-01
  -8.6908757e-01
  -8.5460723e-01
  -8.3625944e-01
  -8.2273512e-01
  -8.1218542e-01
  -7.9013753e-01
  -7.8717979e-01
  -7.6918113e-01
  -7.5332841e-01
  -7.4557094e-01
  -7.3462208e-01
  -7.2234675e-01
  -7.1421843e-01
  -6.9653832e-01
  -6.8822529e-01
  -6.7651035e-01
  -6.6940325e-01
  -6.6612398e-01
  -6.4723595e-01
  -6.4857993e-01
  -6.3283205e-01
  -6.3057065e-01
  -6.1850988e-01
  -6.1250960e-01
  -6.0902250e-01
  -6.0720438e-01
  -6.0539854e-01
  -5.8286478e-01
  -5.9236562e-01
  -5.7983220e-01
  -5.8409115e-01
  -5.7393229e-01
  -5.7261288e-01
  -5.7004954e-01
  -5.6025174e-01
  -5.6378287e-01
  -5.6717207e-01
  -5.6065919e-01
  -5.5526746e-01
  -5.5981151e-01
  -5.5790160e-01
  -5.5032407e-01
  -5.5781990e-01
  -5.5241280e-01
  -5.5452996e-01
  -5.5981151e-01
  -5.6083841e-01
  -5.6205954e-01
  -5.5575882e-01
  -5.5866927e-01
  -5.6062660e-01
  -5.6275899e-01
  -5.6339294e-01
  -5.6417264e-01
  -5.5829367e-01
  -5.6631369e-01
  -5.6773852e-01
  -5.7685453e-01
  -5.7150129e-01
  -5.7980023e-01
  -5.7666211e-01
  -5.8755510e-01
  -5.7163023e-01
  -5.8064711e-01
  -5.7951244e-01
  -5.8498212e-01
  -5.8302413e-01
  -5.7520178e-01
  -5.7497692e-01
  -5.7549081e-01
  -5.7917659e-01
  -5.6988810e-01
  -5.7227470e-01
  -5.6985581e-01
  -5.6822379e-01
  -5.6490306e-01
  -5.6553566e-01
  -5.6759289e-01
  -5.6220598e-01
  -5.6002350e-01
  -5.6417264e-01
  -5.5341450e-01
  -5.5914264e-01
  -5.6119676e-01
  -5.4818147e-01
  -5.5385755e-01
  -5.5042284e-01
  -5.5188691e-01
  -5.4071250e-01
  -5.4575314e-01
  -5.4338522e-01
  -5.4509135e-01
  -5.4044650e-01
  -5.4117784e-01
  -5.3929856e-01
  -5.3057116e-01
  -5.1794795e-01
  -5.0571439e-01
  -5.0430176e-01
  -4.8295744e-01
  -4.8020631e-01
  -4.6830374e-01
  -4.5835376e-01
  -4.4806675e-01
  -4.2969903e-01
  -4.3205523e-01
  -4.1869832e-01
  -4.1760848e-01
  -4.1017350e-01
  -3.9924193e-01
  -3.8382361e-01
  -3.7458283e-01
  -3.6573121e-01
  -3.6084811e-01
  -3.5279669e-01
  -3.3763784e-01
  -3.3847249e-01
  -3.2783474e-01
  -3.1639635e-01
  -3.0969619e-01
  -2.9988889e-01
  -2.9569255e-01
  -2.8224370e-01
  -2.7544000e-01
  -2.6878606e-01
  -2.7109604e-01
  -2.5503425e-01
  -2.3287002e-01
  -2.3927220e-01
  -2.2935850e-01
  -2.3558017e-01
  -2.1989553e-01
  -2.1516479e-01
  -2.0458929e-01
  -2.0316918e-01
  -2.0205030e-01
  -1.8490158e-01
  -1.7591645e-01
  -1.5955153e-01
  -1.6042723e-01
  -1.5662698e-01
  -1.4829400e-01
  -1.4469431e-01
  -1.3735628e-01
  -1.4256786e-01
  -1.2576913e-01
  -1.0568303e-01
  -1.0429521e-01
  -1.0460378e-01
  -1.0576007e-01
  -9.1535080e-02
  -7.3451214e-02
  -7.4432113e-02
  -6.7758952e-02
  -6.9597849e-02
  -6.0960393e-02
  -5.0240845e-02
  -4.5206068e-02
  -3.5831256e-02
  -2.0428190e-02
   0.0000000e+00
   5.0194152e-02
   8.6409511e-02
   1.0370626e-01
   1.3945370e-01
   1.7322852e-01
   1.8924200e-01
   2.0962634e-01
   2.2659635e-01
   2.4222139e-01
   2.5709727e-01
   2.6625685e-01
   2.9333094e-01
   3.0755549e-01
   3.2017507e-01
   3.3001335e-01
   3.4788098e-01
   3.5791540e-01
   3.8766938e-01
   3.8523271e-01
   4.0707922e-01
   4.0858140e-01
   4.4470409e-01
   4.4225785e-01
   4.6644750e-01
   4.6909060e-01
   4.8997800e-01
   4.9226372e-01
   5.1374149e-01
   5.0964645e-01
   5.2569354e-01
   5.3569071e-01
   5.4500085e-01
   5.6544170e-01
   5.8037528e-01
   5.8651435e-01
   5.9356951e-01
   6.0005041e-01
   6.1821174e-01
   6.1609522e-01
   6.2378900e-01
   6.4897843e-01
   6.4548860e-01
   6.7375435e-01
   6.6577907e-01
   6.8580947e-01
   6.8995520e-01
   7.0174766e-01
   6.9063834e-01
   7.1420545e-01
   7.2540430e-01
   7.3846086e-01
   7.3250492e-01
   7.6331926e-01
   7.6479012e-01
   7.6240107e-01
   7.8298594e-01
   7.9530307e-01
   7.8780674e-01
   8.0867055e-01
   8.0139176e-01
   8.3056829e-01
   8.2384437e-01
   8.0770979e-01
   8.2899751e-01
   8.4887862e-01
   8.4941245e-01
   8.5369339e-01
   8.7025286e-01
   8.7352954e-01
   8.7366630e-01
   8.8757645e-01
   8.8004645e-01
   9.1221706e-01
   9.1129353e-01
   9.1806211e-01
   9.1349720e-01
   9.3036221e-01
   9.3515038e-01
   9.3398751e-01
   9.4950645e-01
   9.3282598e-01
   9.5594543e-01
   9.6070876e-01
   9.6797172e-01
   9.6549489e-01
   9.8113378e-01
   1.0007415e+00
   9.8174312e-01
   9.8281036e-01
   9.9408564e-01
   1.0026069e+00
   9.9609321e-01
   1.0189210e+00
   1.0263819e+00
   1.0344610e+00
   1.0342201e+00
   1.0302933e+00
   1.0392915e+00
   1.0447945e+00
   1.0402604e+00
   1.0525335e+00
   1.0518795e+00
   1.0586859e+00
   1.0610750e+00
   1.0572059e+00
   1.0794715e+00
   1.0798916e+00
   1.0936009e+00
   1.0902833e+00
   1.0907930e+00
   1.0944533e+00
   1.1147848e+00
   1.1113963e+00
   1.0942828e+00
   1.0971005e+00
   1.1016427e+00
   1.1169630e+00
   1.1135671e+00
   1.1217718e+00
   1.1172247e+00
   1.1117433e+00
   1.1315477e+00
   1.1404374e+00
   1.1506691e+00
   1.1290727e+00
   1.1459890e+00
   1.1543746e+00
   1.1408840e+00
   1.1644762e+00
   1.1479664e+00
   1.1594582e+00
   1.1451812e+00
   1.1450018e+00
   1.1406160e+00
   1.1494970e+00
   1.1552805e+00
   1.1471570e+00
   1.1684170e+00
   1.1539220e+00
   1.1656660e+00
   1.1745884e+00
   1.1773642e+00
   1.1467076e+00
   1.1740342e+00
   1.1633792e+00
   1.1756978e+00
   1.1767158e+00
   1.1710835e+00
   1.1508495e+00
   1.1538315e+00
   1.1714519e+00
   1.1588213e+00
   1.1511202e+00
   1.1487764e+00
   1.1800547e+00
   1.1616448e+00
   1.1584576e+00
   1.1612800e+00
   1.1754203e+00
   1.1376732e+00
   1.1407947e+00
   1.1481463e+00
   1.1347389e+00
   1.1596402e+00
   1.1371390e+00
   1.1428513e+00
   1.1417777e+00
   1.1098363e+00
   1.1243166e+00
   1.1295142e+00
   1.1104427e+00
   1.1182722e+00
   1.1083651e+00
   1.0975282e+00
   1.0943681e+00
   1.0752796e+00
   1.0614049e+00
   1.0586859e+00
   1.0626433e+00
   1.0448756e+00
   1.0277372e+00
   1.0337384e+00
   1.0172617e+00
   9.9423993e-01
   9.8533050e-01
   9.6250087e-01
   9.6115649e-01
   9.3239076e-01
   8.9572271e-01
   8.8646757e-01
   8.6440886e-01
   8.4501684e-01
   8.1748856e-01
   7.6896934e-01
   7.2387245e-01
   6.7706347e-01
   6.2160751e-01
   5.4711997e-01
   4.5901151e-01
   6.0846019e-01
