-5.042558367206670056e+00
-2.842458009562154331e+00
-2.302775474870266237e+00
-1.962990868034857783e+00
-1.715212422384462698e+00
-1.515721342159322305e+00
-1.355814534865915633e+00
-1.217492204013439050e+00
-1.097384869030062049e+00
-9.958262340176347038e-01
-9.011624746679043341e-01
-8.148761983561403355e-01
-7.372788919198551838e-01
-6.612436315469381043e-01
-6.018824070543367100e-01
-5.394550622439524545e-01
-4.828211329563512066e-01
-4.297439765816566393e-01
-3.797944173552529890e-01
-3.326936782811298343e-01
-2.928487024031412034e-01
-2.462849125556303420e-01
-2.100015725672648159e-01
-1.668694522350335774e-01
-1.381467255710653319e-01
-1.010102670325316865e-01
-7.013781578800326599e-02
-3.992815516485492822e-02
-1.724249019495616153e-02
1.785444623386212015e-02
3.855789286718724895e-02
6.494393664066322458e-02
9.392394107736201647e-02
1.198110907706269046e-01
1.384715752570109260e-01
1.700199329919360736e-01
1.843075275290111392e-01
2.151555405920255737e-01
2.244844499170497443e-01
2.478871652051246599e-01
2.641113898025118090e-01
2.884076689666059679e-01
3.049828719306901803e-01
3.223011228474277345e-01
3.378812287846315598e-01
3.495461287165202435e-01
3.707854592286405904e-01
3.897177511405249817e-01
3.955464609252352659e-01
4.099551733810287146e-01
4.330994433248456232e-01
4.446384623828940619e-01
4.563879448078473899e-01
4.666939124060807131e-01
4.818365630843750580e-01
4.882034457297095287e-01
4.938243020860806354e-01
5.200143780255785941e-01
5.244108194099972309e-01
5.339987247324415875e-01
5.419173336436688970e-01
5.557393111895017057e-01
5.660283042409677279e-01
5.745182805255009129e-01
5.800470928079430877e-01
5.900997379942669596e-01
6.047847166993740586e-01
6.041697375453551899e-01
6.184405305067475211e-01
6.238002384300678216e-01
6.422715733915573821e-01
6.349688425750557030e-01
6.413596083478072529e-01
6.595112641621891925e-01
6.661547754963432766e-01
6.581816617647380241e-01
6.705875729153767395e-01
6.790707204327617319e-01
6.724351629629268245e-01
6.904627867710591005e-01
6.972837242723475271e-01
7.058353358364275465e-01
7.049930668436825698e-01
7.114252106453058389e-01
7.191134038482136503e-01
7.205265993837102201e-01
7.251746273987045299e-01
7.228314306697445346e-01
7.353033980933361136e-01
7.338025223008788345e-01
7.421357644132609011e-01
7.382114943383317751e-01
7.376091250007945632e-01
7.403897428831225369e-01
7.411280722786788289e-01
7.503018297010974891e-01
7.514884112991371268e-01
7.476625022122025399e-01
7.603815990320335061e-01
7.507084990844976602e-01
7.519973775995900667e-01
7.475611285996670574e-01
7.498275910146574574e-01
7.641878616642010513e-01
7.505390334093640092e-01
7.624372390597251581e-01
7.626430356648068454e-01
7.575449116089050250e-01
7.502001881906164016e-01
7.448953152137534062e-01
7.495905559831559373e-01
7.547502809304216242e-01
7.421693716455397549e-01
7.549545014893350725e-01
7.431108329974822624e-01
7.620257728627244376e-01
7.605185103137355185e-01
7.509118958105123198e-01
7.475273396790509395e-01
7.489474582609130238e-01
7.573060404446376737e-01
7.521331457078712646e-01
7.425727465543676686e-01
7.364388889811266381e-01
7.383454034811780531e-01
7.374418645591713783e-01
7.378767999112163523e-01
7.266956911137008035e-01
7.252407125163600199e-01
7.221064825376881657e-01
7.153109932616654731e-01
7.108061870537714100e-01
6.943959599604738742e-01
6.923794753210366082e-01
6.881675992795930341e-01
7.017924433849778154e-01
6.984089996816482682e-01
6.957104629631096770e-01
7.066458794313099645e-01
7.082364531845932731e-01
7.161292569518682427e-01
7.207897399680849304e-01
7.289816335691607918e-01
7.273908597200762216e-01
7.301099647544795346e-01
7.421021583103879493e-01
7.319711724175270717e-01
7.330695798373643157e-01
7.341358556372981070e-01
7.492858791920937733e-01
7.391492351217419099e-01
7.442889074870553401e-01
7.506746036519036380e-01
7.517258966694591038e-01
7.580228251839198350e-01
7.587742939991706237e-01
7.654254430384259678e-01
7.539678215868903521e-01
7.648408387472862557e-01
7.672157688738359127e-01
7.811306662578125781e-01
7.787922186885207765e-01
7.745481435781158552e-01
7.777817480368529601e-01
7.756596021344090985e-01
7.749647957837186851e-01
7.771550725297995399e-01
7.844207185762979151e-01
7.795594643144969638e-01
7.686641448770856755e-01
7.777817480368529601e-01
7.786179267490815903e-01
7.893057201196658212e-01
7.831594192709712132e-01
7.723289256348344622e-01
7.806066579315569243e-01
7.740275723261849095e-01
7.821095504081352345e-01
7.874051141695268541e-01
7.807463666391285528e-01
7.762157950086212566e-01
7.715325956351648529e-01
7.773639207327232015e-01
7.720172427177303121e-01
7.657350778438516414e-01
7.718441275091265652e-01
7.553630677678722094e-01
7.653222527382226303e-01
7.577155688101999687e-01
7.442889074870553401e-01
7.515223343277881440e-01
7.330362770315996812e-01
7.434136339081991451e-01
7.293465425947562863e-01
7.285173964019548976e-01
7.210858559160921999e-01
7.003087635875857586e-01
6.966412778142210271e-01
6.772738314036548246e-01
6.434583726727094444e-01
7.078791653204596912e-01
7.718095080633791127e-01
8.101305360457633498e-01
8.440072802891371850e-01
8.699416399367940755e-01
8.871592053679062673e-01
9.134946445721521258e-01
9.240003749442067260e-01
9.389863398063429401e-01
9.700291183276359419e-01
9.888614247089897447e-01
1.000063721740556133e+00
1.004335369766749864e+00
1.039407969121239006e+00
1.036561860267735113e+00
1.040449046503942654e+00
1.070234766387359926e+00
1.076459484026974778e+00
1.099492676095415788e+00
1.099012368689448849e+00
1.107209135893628016e+00
1.113230617691726820e+00
1.117477115836321033e+00
1.134795061039939768e+00
1.143994665944696010e+00
1.140885335455678273e+00
1.176928487615944263e+00
1.162242422514372819e+00
1.184954798490172934e+00
1.189885826684461634e+00
1.200512132696953671e+00
1.207552537264653836e+00
1.218206964353759858e+00
1.213188471777025157e+00
1.229358990716351130e+00
1.237433074070466432e+00
1.252826970543454266e+00
1.249193347181103420e+00
1.250198260173219111e+00
1.250030704530390224e+00
1.262562830669514469e+00
1.265337700077520111e+00
1.288572546192085611e+00
1.283362391995447993e+00
1.290140900613067743e+00
1.289734053959580962e+00
1.297726862182956964e+00
1.305784070472620684e+00
1.297726862182956964e+00
1.312479003202110306e+00
1.322095897795422914e+00
1.335388341713615645e+00
1.315694248603723082e+00
1.339410775221040240e+00
1.338556178660665452e+00
1.348613294152201547e+00
1.341122162473283197e+00
1.356036773959193198e+00
1.354733680479524693e+00
1.369036144563620994e+00
1.358461318990734412e+00
1.357092904272004574e+00
1.374397411307915817e+00
1.375156616709434232e+00
1.378199215405530254e+00
1.381569540684173703e+00
1.398399331542650614e+00
1.396393182997304194e+00
1.386678434866770004e+00
1.398399331542650614e+00
1.390527307409529456e+00
1.415451324109641362e+00
1.416242359088267122e+00
1.400409512811581436e+00
1.409931530886044726e+00
1.422261492913962755e+00
1.410521482068308075e+00
1.426583164478486765e+00
1.416572141764474324e+00
1.420140741903718862e+00
1.434611037402405032e+00
1.421001754640290216e+00
1.434342400731884126e+00
1.436157100292293265e+00
1.444669514887733541e+00
1.429786584196023114e+00
1.437301380698510656e+00
1.441215280019646272e+00
1.445212439909553837e+00
1.438379547918856360e+00
1.451682309585395458e+00
1.449021191028194266e+00
1.443313490542715627e+00
1.441891641222298404e+00
1.445755659859083053e+00
1.445348217234949217e+00
1.435686306323212591e+00
1.443787889928117352e+00
1.456270573070495900e+00
1.442974771574602855e+00
1.451818968280516486e+00
1.453871092948965327e+00
1.441823984512419443e+00
1.451409048209189478e+00
1.442026968375898832e+00
1.448748655767259308e+00
1.446639022129009078e+00
1.453255013249838967e+00
1.450043860283850350e+00
1.447523165417807789e+00
1.457369398811165340e+00
1.443313490542715627e+00
1.439593877151256862e+00
1.438109897115010583e+00
1.437166691493645843e+00
1.434745382804635483e+00
1.433604021775698456e+00
1.447115002146833973e+00
1.432933240961709487e+00
1.416242359088267122e+00
1.432732094425780645e+00
1.428317076216663040e+00
1.430321486589093638e+00
1.422526903306337687e+00
1.419346618375783464e+00
1.409341927540980421e+00
1.429051560274656296e+00
1.417364064197466078e+00
1.417826308733053153e+00
1.423788565547470242e+00
1.401253696114418190e+00
1.397945978340365158e+00
1.392328530154481214e+00
1.403074361159907468e+00
1.373828385275428943e+00
1.384823443449892721e+00
1.381951803685771196e+00
1.383163268111681887e+00
1.361203778949429122e+00
1.363453217538527440e+00
1.375473122488306998e+00
1.351019885668844012e+00
1.353618093131101929e+00
1.345597814467890174e+00
1.342713934573795953e+00
1.320117183313810116e+00
1.325703622230415490e+00
1.320776319868818049e+00
1.330473730602040661e+00
1.295912670024801372e+00
1.299896505629424937e+00
1.295152858187783806e+00
1.294335244406326524e+00
1.272508637413706012e+00
1.266870006498047374e+00
1.262902197188608966e+00
1.249025959818458986e+00
1.240194286339512786e+00
1.214858505835204383e+00
1.218856350165854252e+00
1.230617988610982039e+00
1.202054645170031577e+00
1.184065607333957715e+00
1.178747000573904913e+00
1.164444446192531402e+00
1.152924873370862358e+00
1.137236699644876836e+00
1.111575955059967313e+00
1.106289684596061917e+00
1.096997592991106885e+00
1.074958264003999631e+00
1.056058674267312369e+00
1.045670753376199968e+00
1.027266986317616926e+00
1.008055205131984877e+00
9.878726663798271801e-01
9.587807834951060926e-01
9.378004153620373984e-01
9.186936164904651037e-01
8.817347277325460198e-01
8.691400060878216038e-01
8.313615210888496421e-01
8.063606725019578647e-01
7.618886550783336986e-01
7.466154701145217842e-01
6.977658301199873847e-01
6.618345773210005945e-01
6.097182127423419473e-01
5.642826608661266619e-01
5.105056749550698214e-01
4.534376066572587405e-01
3.931018491247648683e-01
3.163559330363874267e-01
2.312160464050947439e-01
1.374613906746819936e-01
2.224560894731908434e-02
-1.371289137783655576e-01
-3.331753793834462130e-01
-6.366868759262267474e-01
-1.243536535564864209e+00
