-4.855568360313107235e+00 -2.490546068448173056e+00 -2.069810548950320683e+00 -1.843161357795932265e+00 -1.709595933474723051e+00 -1.650705864196960082e+00 -1.661759974133177664e+00 -1.656054793289405858e+00 -1.660296363040262513e+00 -1.752407647705157334e+00 -1.603561864284195337e+00 -1.383233361279675444e+00 -1.277570870421084859e+00 -1.219435748899831751e+00 -1.203909494809930258e+00 -1.230199332568376658e+00 -1.302059299307287921e+00 -1.445008098695089283e+00 -1.739417963584133808e+00 -2.963123316535704710e+00
-2.369659339291440237e+00 -4.637047426505613856e-03 4.160984720713467588e-01 6.427476632257351774e-01 7.763130875469443914e-01 8.352031568247073601e-01 8.241490468884897780e-01 8.298542277322615845e-01 8.256126579814049293e-01 7.335013733165101080e-01 8.823471567374721047e-01 1.102675659741991998e+00 1.208338150600582583e+00 1.266473272121835691e+00 1.281999526211737184e+00 1.255709688453290784e+00 1.183849721714379521e+00 1.040900922326578160e+00 7.464910574375336338e-01 -4.772142955140372678e-01
-1.973742564213236683e+00 3.912797276516979395e-01 8.120152471495503121e-01 1.038664438303938731e+00 1.172229862625147945e+00 1.231119931902910913e+00 1.220065821966693331e+00 1.225771002810465138e+00 1.221529433059608483e+00 1.129418148394713661e+00 1.278263931815675658e+00 1.498592434820195551e+00 1.604254925678786137e+00 1.662390047200039245e+00 1.677916301289940737e+00 1.651626463531494338e+00 1.579766496792583075e+00 1.436817697404781713e+00 1.142407832515737187e+00 -8.129752043583371446e-02
-1.783127469812806343e+00 5.818948220521282799e-01 1.002630341549980653e+00 1.229279532704369071e+00 1.362844957025578285e+00 1.421735026303341254e+00 1.410680916367123672e+00 1.416386097210895478e+00 1.412144527460038823e+00 1.320033242795144002e+00 1.468879026216105999e+00 1.689207529220625892e+00 1.794870020079216477e+00 1.853005141600469585e+00 1.868531395690371077e+00 1.842241557931924678e+00 1.770381591193013415e+00 1.627432791805212053e+00 1.333022926916167528e+00 1.093175739645966260e-01
-1.709124167804722205e+00 6.558981240602124174e-01 1.076633643558064790e+00 1.303282834712453209e+00 1.436848259033662423e+00 1.495738328311425391e+00 1.484684218375207809e+00 1.490389399218979616e+00 1.486147829468122961e+00 1.394036544803228139e+00 1.542882328224190136e+00 1.763210831228710029e+00 1.868873322087300615e+00 1.927008443608553723e+00 1.942534697698455215e+00 1.916244859940008816e+00 1.844384893201097553e+00 1.701436093813296191e+00 1.407026228924251665e+00 1.833208759726807635e-01
-1.712777555647629679e+00 6.522447362173049434e-01 1.072980255715157316e+00 1.299629446869545735e+00 1.433194871190754949e+00 1.492084940468517917e+00 1.481030830532300335e+00 1.486736011376072142e+00 1.482494441625215487e+00 1.390383156960320665e+00 1.539228940381282662e+00 1.759557443385802555e+00 1.865219934244393141e+00 1.923355055765646249e+00 1.938881309855547741e+00 1.912591472097101342e+00 1.840731505358190079e+00 1.697782705970388717e+00 1.403372841081344191e+00 1.796674881297732895e-01
-1.737820389695424517e+00 6.272019021695101060e-01 1.047937421667362479e+00 1.274586612821750897e+00 1.408152037142960111e+00 1.467042106420723080e+00 1.455987996484505498e+00 1.461693177328277304e+00 1.457451607577420649e+00 1.365340322912525828e+00 1.514186106333487825e+00 1.734514609338007718e+00 1.840177100196598303e+00 1.898312221717851411e+00 1.913838475807752904e+00 1.887548638049306504e+00 1.815688671310395241e+00 1.672739871922593879e+00 1.378330007033549354e+00 1.546246540819784521e-01
-1.675927289660138264e+00 6.890950022047963586e-01 1.109830521702648731e+00 1.336479712857037150e+00 1.470045137178246364e+00 1.528935206456009332e+00 1.517881096519791750e+00 1.523586277363563557e+00 1.519344707612706902e+00 1.427233422947812080e+00 1.576079206368774077e+00 1.796407709373293971e+00 1.902070200231884556e+00 1.960205321753137664e+00 1.975731575843039156e+00 1.949441738084592757e+00 1.877581771345681494e+00 1.734632971957880132e+00 1.440223107068835606e+00 2.165177541172647047e-01
-1.601740584400278333e+00 7.632817074646562894e-01 1.184017226962508662e+00 1.410666418116897081e+00 1.544231842438106295e+00 1.603121911715869263e+00 1.592067801779651681e+00 1.597772982623423488e+00 1.593531412872566833e+00 1.501420128207672011e+00 1.650265911628634008e+00 1.870594414633153901e+00 1.976256905491744487e+00 2.034392027012997595e+00 2.049918281102899087e+00 2.023628443344452688e+00 1.951768476605541425e+00 1.808819677217740063e+00 1.514409812328695537e+00 2.907044593771246355e-01
-1.580250302980801713e+00 7.847719888841329094e-01 1.205507508381985282e+00 1.432156699536373701e+00 1.565722123857582915e+00 1.624612193135345883e+00 1.613558083199128301e+00 1.619263264042900108e+00 1.615021694292043453e+00 1.522910409627148631e+00 1.671756193048110628e+00 1.892084696052630521e+00 1.997747186911221107e+00 2.055882308432474215e+00 2.071408562522375707e+00 2.045118724763929308e+00 1.973258758025018045e+00 1.830309958637216683e+00 1.535900093748172157e+00 3.121947407966012555e-01
-1.320015945600886642e+00 1.045006346264047981e+00 1.465741865761900353e+00 1.692391056916288772e+00 1.825956481237497986e+00 1.884846550515260954e+00 1.873792440579043372e+00 1.879497621422815179e+00 1.875256051671958524e+00 1.783144767007063702e+00 1.931990550428025699e+00 2.152319053432545815e+00 2.257981544291136178e+00 2.316116665812389286e+00 2.331642919902290778e+00 2.305353082143844379e+00 2.233493115404932894e+00 2.090544316017131976e+00 1.796134451128087228e+00 5.724290981765163266e-01
-1.068041217898300532e+00 1.296981073966634090e+00 1.717716593464486463e+00 1.944365784618874882e+00 2.077931208940084318e+00 2.136821278217847286e+00 2.125767168281629260e+00 2.131472349125401067e+00 2.127230779374544412e+00 2.035119494709650034e+00 2.183965278130611587e+00 2.404293781135131702e+00 2.509956271993722510e+00 2.568091393514975174e+00 2.583617647604876666e+00 2.557327809846430711e+00 2.485467843107519226e+00 2.342519043719717864e+00 2.048109178830673116e+00 8.244038258791024365e-01
-9.183554199939427676e-01 1.446666871870991855e+00 1.867402391368844228e+00 2.094051582523232646e+00 2.227617006844441860e+00 2.286507076122204829e+00 2.275452966185987247e+00 2.281158147029759053e+00 2.276916577278902398e+00 2.184805292614007577e+00 2.333651076034969574e+00 2.553979579039489245e+00 2.659642069898080052e+00 2.717777191419333160e+00 2.733303445509234653e+00 2.707013607750788253e+00 2.635153641011877212e+00 2.492204841624075407e+00 2.197794976735031103e+00 9.740896237834602012e-01
-8.075664946175231673e-01 1.557455797247411455e+00 1.978191316745263828e+00 2.204840507899652025e+00 2.338405932220861239e+00 2.397296001498624207e+00 2.386241891562407069e+00 2.391947072406178876e+00 2.387705502655322221e+00 2.295594217990426955e+00 2.444440001411389396e+00 2.664768504415909067e+00 2.770430995274499431e+00 2.828566116795752983e+00 2.844092370885654475e+00 2.817802533127207631e+00 2.745942566388296591e+00 2.602993767000495229e+00 2.308583902111450925e+00 1.084878549159879801e+00
-7.383838818391055270e-01 1.626638410025829096e+00 2.047373929523681468e+00 2.274023120678069887e+00 2.407588544999279101e+00 2.466478614277042070e+00 2.455424504340824488e+00 2.461129685184596294e+00 2.456888115433739639e+00 2.364776830768844817e+00 2.513622614189806814e+00 2.733951117194326486e+00 2.839613608052917293e+00 2.897748729574170401e+00 2.913274983664071893e+00 2.886985145905625494e+00 2.815125179166714453e+00 2.672176379778912647e+00 2.377766514889868343e+00 1.154061161938297442e+00
-7.058868615004521008e-01 1.659135430364482522e+00 2.079870949862335117e+00 2.306520141016723535e+00 2.440085565337932749e+00 2.498975634615695718e+00 2.487921524679477692e+00 2.493626705523249498e+00 2.489385135772392843e+00 2.397273851107498466e+00 2.546119634528460018e+00 2.766448137532980134e+00 2.872110628391570941e+00 2.930245749912823605e+00 2.945772004002725097e+00 2.919482166244279142e+00 2.847622199505367657e+00 2.704673400117566295e+00 2.410263535228521548e+00 1.186558182276950868e+00
-7.105132086008507653e-01 1.654509083264083857e+00 2.075244602761936008e+00 2.301893793916324427e+00 2.435459218237533641e+00 2.494349287515296609e+00 2.483295177579079471e+00 2.489000358422851278e+00 2.484758788671994623e+00 2.392647504007099357e+00 2.541493287428061798e+00 2.761821790432581469e+00 2.867484281291171833e+00 2.925619402812425385e+00 2.941145656902326877e+00 2.914855819143880034e+00 2.842995852404968993e+00 2.700047053017167631e+00 2.405637188128123327e+00 1.181931835176552203e+00
-7.757978985085722812e-01 1.589224393356362341e+00 2.009959912854214714e+00 2.236609104008603133e+00 2.370174528329812347e+00 2.429064597607575315e+00 2.418010487671357733e+00 2.423715668515129540e+00 2.419474098764272885e+00 2.327362814099378063e+00 2.476208597520340060e+00 2.696537100524859731e+00 2.802199591383450539e+00 2.860334712904703647e+00 2.875860966994605139e+00 2.849571129236158740e+00 2.777711162497247699e+00 2.634762363109445893e+00 2.340352498220401589e+00 1.116647145268830688e+00
-9.511621448443321469e-01 1.413860147020602476e+00 1.834595666518454848e+00 2.061244857672843267e+00 2.194810281994052481e+00 2.253700351271815450e+00 2.242646241335597868e+00 2.248351422179369674e+00 2.244109852428513019e+00 2.151998567763618198e+00 2.300844351184580194e+00 2.521172854189099866e+00 2.626835345047690673e+00 2.684970466568943781e+00 2.700496720658845273e+00 2.674206882900398874e+00 2.602346916161487833e+00 2.459398116773686027e+00 2.164988251884641723e+00 9.412828989330708218e-01
-1.646803329926149750e+00 7.182189619387848722e-01 1.138954481436637245e+00 1.365603672591025664e+00 1.499169096912234878e+00 1.558059166189997846e+00 1.547005056253780264e+00 1.552710237097552071e+00 1.548468667346695415e+00 1.456357382681800594e+00 1.605203166102762591e+00 1.825531669107282484e+00 1.931194159965873069e+00 1.989329281487126178e+00 2.004855535577027670e+00 1.978565697818581270e+00 1.906705731079670008e+00 1.763756931691868646e+00 1.469347066802824120e+00 2.456417138512532183e-01
