-5.026815844553782497e+00 -2.540906823532115055e+00 -2.144990048453911502e+00 -1.954374954053481162e+00 -1.880371652045397024e+00 -1.884025039888304498e+00 -1.909067873936099335e+00 -1.847174773900813083e+00 -1.772988068640953152e+00 -1.751497787221476532e+00 -1.491263429841561461e+00 -1.239288702138975351e+00 -1.089602904234617586e+00 -9.788139788581979861e-01 -9.096313660797803458e-01 -8.771343457411269195e-01 -8.817606928415255840e-01 -9.470453827492471000e-01 -1.122409629085006966e+00 -1.818050814166824569e+00
-2.523917208487975739e+00 -3.800818746630829637e-02 3.579085876118952569e-01 5.485236820123255974e-01 6.225269840204097349e-01 6.188735961775022609e-01 5.938307621297074235e-01 6.557238621649936761e-01 7.299105674248536069e-01 7.514008488443302269e-01 1.011635206224245298e+00 1.263609933926831408e+00 1.413295731831189173e+00 1.524084657207608773e+00 1.593267269986026413e+00 1.625764290324679839e+00 1.621137943224281175e+00 1.555853253316559659e+00 1.380489006980799793e+00 6.848478218989821897e-01
-2.147322053163730704e+00 3.385869678579367381e-01 7.345037429361402914e-01 9.251188373365706319e-01 9.991221393446547694e-01 9.954687515017472954e-01 9.704259174539524579e-01 1.032319017489238711e+00 1.106505722749098641e+00 1.127996004168575261e+00 1.388230361548490333e+00 1.640205089251076442e+00 1.789890887155434207e+00 1.900679812531853807e+00 1.969862425310271448e+00 2.002359445648925096e+00 1.997733098548526209e+00 1.932448408640804693e+00 1.757084162305044828e+00 1.061442977223227224e+00
-1.973222973706209249e+00 5.126860473154581932e-01 9.086028223936617465e-01 1.099217916794092087e+00 1.173221218802176224e+00 1.169567830959268750e+00 1.144524996911473913e+00 1.206418096946760166e+00 1.280604802206620096e+00 1.302095083626096717e+00 1.562329441006011788e+00 1.814304168708597897e+00 1.963989966612955662e+00 2.074778891989375040e+00 2.143961504767792903e+00 2.176458525106446551e+00 2.171832178006047442e+00 2.106547488098326149e+00 1.931183241762566283e+00 1.235542056680748679e+00
-1.928587660026469308e+00 5.573213609951981340e-01 9.532381360734016873e-01 1.143853230473832028e+00 1.217856532481916165e+00 1.214203144639008691e+00 1.189160310591213854e+00 1.251053410626500106e+00 1.325240115886360037e+00 1.346730397305836657e+00 1.606964754685751728e+00 1.858939482388337838e+00 2.008625280292695603e+00 2.119414205669115425e+00 2.188596818447532844e+00 2.221093838786186048e+00 2.216467491685787827e+00 2.151182801778066089e+00 1.975818555442306224e+00 1.280177370360488620e+00
-1.941664859581870406e+00 5.442441614397970362e-01 9.401609365180005895e-01 1.130776030918430930e+00 1.204779332926515067e+00 1.201125945083607593e+00 1.176083111035812756e+00 1.237976211071099009e+00 1.312162916330958939e+00 1.333653197750435559e+00 1.593887555130350631e+00 1.845862282832936740e+00 1.995548080737294505e+00 2.106337006113713883e+00 2.175519618892131746e+00 2.208016639230785394e+00 2.203390292130386285e+00 2.138105602222664992e+00 1.962741355886905126e+00 1.267100170805087522e+00
-1.943888743290453469e+00 5.420202777312139730e-01 9.379370528094175263e-01 1.128552147209847867e+00 1.202555449217932004e+00 1.198902061375024530e+00 1.173859227327229693e+00 1.235752327362515945e+00 1.309939032622375876e+00 1.331429314041852496e+00 1.591663671421767567e+00 1.843638399124353677e+00 1.993324197028711442e+00 2.104113122405131264e+00 2.173295735183548683e+00 2.205792755522201887e+00 2.201166408421803666e+00 2.135881718514081928e+00 1.960517472178322063e+00 1.264876287096504459e+00
-1.837177064213269873e+00 6.487319568083975696e-01 1.044648731886601123e+00 1.235263826287031463e+00 1.309267128295115601e+00 1.305613740452208127e+00 1.280570906404413289e+00 1.342464006439699542e+00 1.416650711699559473e+00 1.438140993119036093e+00 1.698375350498951164e+00 1.950350078201537274e+00 2.100035876105895039e+00 2.210824801482314861e+00 2.280007414260732279e+00 2.312504434599385483e+00 2.307878087498987263e+00 2.242593397591265525e+00 2.067229151255505659e+00 1.371587966173688056e+00
-1.719907841375957869e+00 7.660011796457095734e-01 1.161917954723913127e+00 1.352533049124343467e+00 1.426536351132427605e+00 1.422882963289520131e+00 1.397840129241725293e+00 1.459733229277011546e+00 1.533919934536871477e+00 1.555410215956348097e+00 1.815644573336263168e+00 2.067619301038849500e+00 2.217305098943207042e+00 2.328094024319626421e+00 2.397276637098044283e+00 2.429773657436697931e+00 2.425147310336298823e+00 2.359862620428577529e+00 2.184498374092817663e+00 1.488857189011000060e+00
-1.639457541553060338e+00 8.464514794686071042e-01 1.242368254546810658e+00 1.432983348947240998e+00 1.506986650955325135e+00 1.503333263112417661e+00 1.478290429064622824e+00 1.540183529099909077e+00 1.614370234359769007e+00 1.635860515779245627e+00 1.896094873159160699e+00 2.148069600861746586e+00 2.297755398766104573e+00 2.408544324142524395e+00 2.477726936920941814e+00 2.510223957259595018e+00 2.505597610159196797e+00 2.440312920251475060e+00 2.264948673915715194e+00 1.569307488833897590e+00
-1.337712077331834504e+00 1.148196943689832938e+00 1.544113718768036492e+00 1.734728813168466832e+00 1.808732115176550970e+00 1.805078727333643496e+00 1.780035893285848658e+00 1.841928993321134911e+00 1.916115698580994842e+00 1.937605980000471462e+00 2.197840337380386533e+00 2.449815065082972865e+00 2.599500862987330407e+00 2.710289788363749786e+00 2.779472401142167648e+00 2.811969421480821296e+00 2.807343074380422188e+00 2.742058384472700894e+00 2.566694138136941028e+00 1.871052953055123425e+00
-1.069884192403898204e+00 1.416024828617769238e+00 1.811941603695972791e+00 2.002556698096403132e+00 2.076560000104487269e+00 2.072906612261579795e+00 2.047863778213784958e+00 2.109756878249071210e+00 2.183943583508931141e+00 2.205433864928407761e+00 2.465668222308322832e+00 2.717642950010908720e+00 2.867328747915266707e+00 2.978117673291686529e+00 3.047300286070103947e+00 3.079797306408757152e+00 3.075170959308358931e+00 3.009886269400637193e+00 2.834522023064877327e+00 2.138880837983059724e+00
-8.991176014049984122e-01 1.586791419616669030e+00 1.982708194694872583e+00 2.173323289095303146e+00 2.247326591103386839e+00 2.243673203260479809e+00 2.218630369212684528e+00 2.280523469247970780e+00 2.354710174507831155e+00 2.376200455927307331e+00 2.636434813307222846e+00 2.888409541009808734e+00 3.038095338914166277e+00 3.148884264290586099e+00 3.218066877069003517e+00 3.250563897407657166e+00 3.245937550307258501e+00 3.180652860399536763e+00 3.005288614063776897e+00 2.309647428981959294e+00
-7.677569464814602007e-01 1.718152074540207241e+00 2.114068849618410795e+00 2.304683944018841135e+00 2.378687246026925273e+00 2.375033858184017799e+00 2.349991024136222961e+00 2.411884124171509214e+00 2.486070829431369145e+00 2.507561110850845765e+00 2.767795468230760836e+00 3.019770195933347168e+00 3.169455993837704710e+00 3.280244919214124089e+00 3.349427531992541951e+00 3.381924552331195599e+00 3.377298205230796491e+00 3.312013515323075197e+00 3.136649268987315331e+00 2.441008083905497728e+00
-6.688195471072506670e-01 1.817089473914416775e+00 2.213006248992620328e+00 2.403621343393050669e+00 2.477624645401134806e+00 2.473971257558227332e+00 2.448928423510432495e+00 2.510821523545718748e+00 2.585008228805578678e+00 2.606498510225055298e+00 2.866732867604970370e+00 3.118707595307556701e+00 3.268393393211914244e+00 3.379182318588333622e+00 3.448364931366751485e+00 3.480861951705405133e+00 3.476235604605006024e+00 3.410950914697284730e+00 3.235586668361524865e+00 2.539945483279707261e+00
-6.102563129433649092e-01 1.875652708078302533e+00 2.271569483156506308e+00 2.462184577556936205e+00 2.536187879565020786e+00 2.532534491722112868e+00 2.507491657674318475e+00 2.569384757709604727e+00 2.643571462969464214e+00 2.665061744388941278e+00 2.925296101768855905e+00 3.177270829471442237e+00 3.326956627375800224e+00 3.437745552752219602e+00 3.506928165530637465e+00 3.539425185869290669e+00 3.534798838768892004e+00 3.469514148861170710e+00 3.294149902525410845e+00 2.598508717443593241e+00
-5.842550542077327158e-01 1.901653966813934726e+00 2.297570741892138280e+00 2.488185836292568620e+00 2.562189138300652758e+00 2.558535750457745284e+00 2.533492916409950446e+00 2.595386016445236699e+00 2.669572721705096630e+00 2.691063003124573250e+00 2.951297360504488321e+00 3.203272088207074653e+00 3.352957886111432195e+00 3.463746811487851573e+00 3.532929424266269436e+00 3.565426444604923084e+00 3.560800097504523976e+00 3.495515407596802682e+00 3.320151161261042816e+00 2.624509976179225212e+00
-6.103391764032628508e-01 1.875569844618404591e+00 2.271486619696608145e+00 2.462101714097038485e+00 2.536105016105122623e+00 2.532451628262215149e+00 2.507408794214420311e+00 2.569301894249706564e+00 2.643488599509566495e+00 2.664978880929043115e+00 2.925213238308958186e+00 3.177187966011544518e+00 3.326873763915902060e+00 3.437662689292321438e+00 3.506845302070739301e+00 3.539342322409392949e+00 3.534715975308993841e+00 3.469431285401272547e+00 3.294067039065512681e+00 2.598425853983695077e+00
-7.203028780729743286e-01 1.765606142948693114e+00 2.161522918026896889e+00 2.352138012427326785e+00 2.426141314435411367e+00 2.422487926592503449e+00 2.397445092544709055e+00 2.459338192579995308e+00 2.533524897839854795e+00 2.555015179259331859e+00 2.815249536639246486e+00 3.067224264341832818e+00 3.216910062246190805e+00 3.327698987622610183e+00 3.396881600401028045e+00 3.429378620739681249e+00 3.424752273639282585e+00 3.359467583731561291e+00 3.184103337395801425e+00 2.488462152313983822e+00
-1.206464029352707801e+00 1.279444991668959641e+00 1.675361766747163195e+00 1.865976861147593535e+00 1.939980163155677673e+00 1.936326775312770199e+00 1.911283941264975361e+00 1.973177041300261614e+00 2.047363746560121545e+00 2.068854027979598165e+00 2.329088385359513236e+00 2.581063113062099568e+00 2.730748910966457110e+00 2.841537836342876489e+00 2.910720449121294351e+00 2.943217469459947999e+00 2.938591122359548891e+00 2.873306432451827597e+00 2.697942186116067731e+00 2.002301001034250127e+00
