  -4.8386294e+00
  -2.7010815e+00
  -2.1470520e+00
  -1.8059098e+00
  -1.5506438e+00
  -1.3517389e+00
  -1.1852033e+00
  -1.0497740e+00
  -9.1734665e-01
  -8.0778767e-01
  -7.1790481e-01
  -6.3427975e-01
  -5.5510609e-01
  -4.8565971e-01
  -4.1997232e-01
  -3.5521752e-01
  -2.9432465e-01
  -2.4254341e-01
  -1.9321758e-01
  -1.4948511e-01
  -9.5552503e-02
  -5.6714002e-02
  -2.5924851e-02
   1.7103371e-02
   5.3514726e-02
   8.7550083e-02
   1.2044319e-01
   1.5517559e-01
   1.8734005e-01
   2.0815596e-01
   2.4235209e-01
   2.7058318e-01
   2.9435251e-01
   3.1517613e-01
   3.4240409e-01
   3.5109783e-01
   3.8302187e-01
   4.0088438e-01
   4.2219190e-01
   4.3564799e-01
   4.5604152e-01
   4.8693125e-01
   4.9390469e-01
   5.0525435e-01
   5.2876634e-01
   5.4264227e-01
   5.5804958e-01
   5.8249854e-01
   5.8839408e-01
   6.1278553e-01
   6.2751699e-01
   6.4289115e-01
   6.5204087e-01
   6.6338134e-01
   6.6453209e-01
   6.8719141e-01
   6.9993358e-01
   7.0681640e-01
   7.1374693e-01
   7.2230026e-01
   7.3999167e-01
   7.3849246e-01
   7.6550981e-01
   7.6227759e-01
   7.8269300e-01
   7.9688535e-01
   7.8875855e-01
   7.9393243e-01
   8.1206015e-01
   8.1244944e-01
   8.1039348e-01
   8.3682922e-01
   8.1228258e-01
   8.3097576e-01
   8.5309067e-01
   8.5971668e-01
   8.5936684e-01
   8.7079956e-01
   8.7257010e-01
   8.9714753e-01
   8.7009222e-01
   8.8278215e-01
   8.9660282e-01
   9.0321993e-01
   9.0945201e-01
   9.2159953e-01
   9.0920688e-01
   9.2153749e-01
   9.3076104e-01
   9.3956502e-01
   9.3427333e-01
   9.5811653e-01
   9.6573832e-01
   9.4399625e-01
   9.5689471e-01
   9.6457192e-01
   9.4482136e-01
   9.6366565e-01
   9.6716578e-01
   9.6710086e-01
   9.5933985e-01
   9.6710086e-01
   9.7354934e-01
   9.8882586e-01
   9.8405985e-01
   9.7813410e-01
   9.7551166e-01
   9.8010545e-01
   9.6593286e-01
   9.9361469e-01
   9.8524922e-01
   9.9035313e-01
   9.8544759e-01
   9.9421491e-01
   9.8505090e-01
   9.8273998e-01
   9.8948961e-01
   9.8736717e-01
   9.9321475e-01
   9.8909130e-01
   9.8326772e-01
   9.9354803e-01
   9.8756595e-01
   1.0050809e+00
   9.8333370e-01
   9.8405985e-01
   1.0084586e+00
   9.9595091e-01
   9.8115843e-01
   9.8584444e-01
   9.6866031e-01
   9.7839672e-01
   9.6716578e-01
   9.6768537e-01
   9.8023701e-01
   9.6937587e-01
   9.5837395e-01
   9.7309202e-01
   9.6405395e-01
   9.6931080e-01
   9.8109258e-01
   9.5477613e-01
   9.6521975e-01
   9.4882963e-01
   9.5304608e-01
   9.3842873e-01
   9.5721610e-01
   9.5715181e-01
   9.3969135e-01
   9.3026029e-01
   9.2042149e-01
   9.2414635e-01
   9.1584652e-01
   9.0883930e-01
   9.1258267e-01
   9.0413398e-01
   8.9346139e-01
   9.0230672e-01
   8.9890473e-01
   8.8337909e-01
   8.8589015e-01
   8.5680513e-01
   8.6533073e-01
   8.5791052e-01
   8.3939735e-01
   8.3882608e-01
   8.4892834e-01
   8.2453688e-01
   8.2374899e-01
   8.1629485e-01
   8.0320319e-01
   8.1044899e-01
   8.0210156e-01
   7.8258502e-01
   7.7173870e-01
   7.5117718e-01
   7.6148438e-01
   7.4154495e-01
   7.2974889e-01
   7.1854601e-01
   7.1945791e-01
   6.9834431e-01
   6.7562777e-01
   6.8356645e-01
   6.5993702e-01
   6.3099042e-01
   6.1333235e-01
   6.0814958e-01
   5.9061946e-01
   5.7124765e-01
   5.3667185e-01
   5.1359407e-01
   4.9511892e-01
   4.6712468e-01
   4.3123113e-01
   3.9595772e-01
   3.5785342e-01
   2.9900182e-01
   2.1214580e-01
   0.0000000e+00
   0.0000000e+00
   2.1214580e-01
   2.9900182e-01
   3.5785342e-01
   3.9595772e-01
   4.3123113e-01
   4.6712468e-01
   4.9511892e-01
   5.1359407e-01
   5.3667185e-01
   5.7124765e-01
   5.9061946e-01
   6.0814958e-01
   6.1333235e-01
   6.3099042e-01
   6.5993702e-01
   6.8356645e-01
   6.7562777e-01
   6.9834431e-01
   7.1945791e-01
   7.1854601e-01
   7.2974889e-01
   7.4154495e-01
   7.6148438e-01
   7.5117718e-01
   7.7173870e-01
   7.8258502e-01
   8.0210156e-01
   8.1044899e-01
   8.0320319e-01
   8.1629485e-01
   8.2374899e-01
   8.2453688e-01
   8.4892834e-01
   8.3882608e-01
   8.3939735e-01
   8.5791052e-01
   8.6533073e-01
   8.5680513e-01
   8.8589015e-01
   8.8337909e-01
   8.9890473e-01
   9.0230672e-01
   8.9346139e-01
   9.0413398e-01
   9.1258267e-01
   9.0883930e-01
   9.1584652e-01
   9.2414635e-01
   9.2042149e-01
   9.3026029e-01
   9.3969135e-01
   9.5715181e-01
   9.5721610e-01
   9.3842873e-01
   9.5304608e-01
   9.4882963e-01
   9.6521975e-01
   9.5477613e-01
   9.8109258e-01
   9.6931080e-01
   9.6405395e-01
   9.7309202e-01
   9.5837395e-01
   9.6937587e-01
   9.8023701e-01
   9.6768537e-01
   9.6716578e-01
   9.7839672e-01
   9.6866031e-01
   9.8584444e-01
   9.8115843e-01
   9.9595091e-01
   1.0084586e+00
   9.8405985e-01
   9.8333370e-01
   1.0050809e+00
   9.8756595e-01
   9.9354803e-01
   9.8326772e-01
   9.8909130e-01
   9.9321475e-01
   9.8736717e-01
   9.8948961e-01
   9.8273998e-01
   9.8505090e-01
   9.9421491e-01
   9.8544759e-01
   9.9035313e-01
   9.8524922e-01
   9.9361469e-01
   9.6593286e-01
   9.8010545e-01
   9.7551166e-01
   9.7813410e-01
   9.8405985e-01
   9.8882586e-01
   9.7354934e-01
   9.6710086e-01
   9.5933985e-01
   9.6710086e-01
   9.6716578e-01
   9.6366565e-01
   9.4482136e-01
   9.6457192e-01
   9.5689471e-01
   9.4399625e-01
   9.6573832e-01
   9.5811653e-01
   9.3427333e-01
   9.3956502e-01
   9.3076104e-01
   9.2153749e-01
   9.0920688e-01
   9.2159953e-01
   9.0945201e-01
   9.0321993e-01
   8.9660282e-01
   8.8278215e-01
   8.7009222e-01
   8.9714753e-01
   8.7257010e-01
   8.7079956e-01
   8.5936684e-01
   8.5971668e-01
   8.5309067e-01
   8.3097576e-01
   8.1228258e-01
   8.3682922e-01
   8.1039348e-01
   8.1244944e-01
   8.1206015e-01
   7.9393243e-01
   7.8875855e-01
   7.9688535e-01
   7.8269300e-01
   7.6227759e-01
   7.6550981e-01
   7.3849246e-01
   7.3999167e-01
   7.2230026e-01
   7.1374693e-01
   7.0681640e-01
   6.9993358e-01
   6.8719141e-01
   6.6453209e-01
   6.6338134e-01
   6.5204087e-01
   6.4289115e-01
   6.2751699e-01
   6.1278553e-01
   5.8839408e-01
   5.8249854e-01
   5.5804958e-01
   5.4264227e-01
   5.2876634e-01
   5.0525435e-01
   4.9390469e-01
   4.8693125e-01
   4.5604152e-01
   4.3564799e-01
   4.2219190e-01
   4.0088438e-01
   3.8302187e-01
   3.5109783e-01
   3.4240409e-01
   3.1517613e-01
   2.9435251e-01
   2.7058318e-01
   2.4235209e-01
   2.0815596e-01
   1.8734005e-01
   1.5517559e-01
   1.2044319e-01
   8.7550083e-02
   5.3514726e-02
   1.7103371e-02
  -2.5924851e-02
  -5.6714002e-02
  -9.5552503e-02
  -1.4948511e-01
  -1.9321758e-01
  -2.4254341e-01
  -2.9432465e-01
  -3.5521752e-01
  -4.1997232e-01
  -4.8565971e-01
  -5.5510609e-01
  -6.3427975e-01
  -7.1790481e-01
  -8.0778767e-01
  -9.1734665e-01
  -1.0497740e+00
  -1.1852033e+00
  -1.3517389e+00
  -1.5506438e+00
  -1.8059098e+00
  -2.1470520e+00
  -2.7010815e+00
  -4.8386294e+00
