-4.496626074755479152e+00
-2.148249101035773378e+00
-1.602058306018154354e+00
-1.265994705239990026e+00
-1.015857576316211208e+00
-8.269526040695538427e-01
-6.626975233481218197e-01
-5.307602983575669953e-01
-4.151023189809759373e-01
-3.043011780671349698e-01
-2.206565885261326798e-01
-1.397642943391161907e-01
-5.766968343963263521e-02
-1.408864138022991597e-03
7.131280065851974825e-02
1.258121206490585564e-01
1.861651878134509275e-01
2.266492563617283906e-01
2.794783133709675127e-01
3.216767406625624659e-01
3.498187468006754841e-01
3.937001281270369191e-01
4.211814807069984568e-01
4.630003370744297797e-01
4.896746334669384026e-01
5.260507915440015836e-01
5.609326903015627863e-01
5.914606117035372534e-01
6.125508435408004715e-01
6.516717488241479117e-01
6.591055170161652654e-01
6.935123900747832693e-01
7.144170900444528627e-01
7.235532701657287902e-01
7.546444686977995531e-01
7.748007059658679196e-01
7.891495680948068525e-01
8.136375123866521619e-01
8.317253636124615213e-01
8.538452367570066315e-01
8.596188865349443375e-01
8.691147449691936089e-01
8.843481054525579310e-01
9.216005018620609945e-01
9.307057006325116788e-01
9.345719616238383765e-01
9.466968214799393877e-01
9.621363408504084447e-01
9.758723106138695869e-01
9.907097132944642226e-01
1.006001700250594766e+00
1.014979393859636758e+00
1.019967324082561078e+00
1.023803095351780712e+00
1.036590387754054987e+00
1.033734602852696582e+00
1.066669662246512829e+00
1.062829317615719305e+00
1.057461268938400423e+00
1.084344387306911628e+00
1.082928841044479285e+00
1.090445789493777795e+00
1.093720764079808561e+00
1.105821609855887289e+00
1.117209206692594492e+00
1.098611161684690529e+00
1.130733470044727795e+00
1.121178150642951010e+00
1.136510797038440046e+00
1.151993036663981229e+00
1.162028963191767517e+00
1.137652700627759472e+00
1.164282942417679934e+00
1.179196376954308789e+00
1.167356530084134647e+00
1.173623295972685554e+00
1.182040546035215911e+00
1.169622563231447643e+00
1.182683898844501869e+00
1.184063907343562150e+00
1.196477220976838396e+00
1.179196376954308789e+00
1.184984972159529804e+00
1.202835948218517359e+00
1.218721304951587925e+00
1.197129932082113157e+00
1.209613082591360467e+00
1.207066271800997015e+00
1.204431967897308553e+00
1.212450500554790978e+00
1.217387844424445476e+00
1.233217790753377230e+00
1.227913250176971616e+00
1.215295992373254919e+00
1.223210971947686687e+00
1.229549832973063417e+00
1.209329783094684529e+00
1.205842339058648349e+00
1.232637744333402452e+00
1.227528560808888614e+00
1.223306716119333615e+00
1.214821181101811476e+00
1.240496902818104985e+00
1.191270812786264344e+00
1.225703304526168935e+00
1.209990940143560678e+00
1.198716863570343349e+00
1.218149604126107732e+00
1.217292665249576800e+00
1.202835948218517359e+00
1.215106040810331578e+00
1.211693068214092506e+00
1.217483032659252729e+00
1.201617179024388804e+00
1.209424207342900459e+00
1.179013159658083509e+00
1.201055170766807123e+00
1.183879796139875040e+00
1.201992026746891540e+00
1.170621246867948884e+00
1.187291352627454444e+00
1.186829650786297208e+00
1.189417931025847253e+00
1.174625985086365176e+00
1.181213985855906756e+00
1.187383718581429548e+00
1.176817166461562536e+00
1.170257973773409788e+00
1.166632482627397494e+00
1.148077744244671905e+00
1.159510523292571094e+00
1.145328418757831201e+00
1.141262653920755099e+00
1.141439082996724252e+00
1.137389068656462499e+00
1.104375354977911172e+00
1.134406086974456329e+00
1.110686138330581940e+00
1.108037582807348542e+00
1.117553707600317026e+00
1.090697330181811253e+00
1.096500298402485640e+00
1.101150093312604383e+00
1.076046273140299547e+00
1.065605962927627104e+00
1.060629813653756415e+00
1.068144347095113744e+00
1.054545342686346032e+00
1.050026290450883693e+00
1.047694068556566549e+00
1.031835267049045157e+00
1.003846692874612145e+00
1.021452918006827915e+00
9.939778142461435095e-01
9.948155584785283168e-01
9.992443989492070244e-01
9.846577998236334395e-01
9.814951465850558776e-01
9.627264419223369174e-01
9.580887951251977341e-01
9.454631940966109482e-01
9.207511246875537125e-01
9.151069725515128539e-01
9.004408810552000375e-01
9.024534428920762963e-01
8.873543935871897048e-01
8.748423304528571975e-01
8.736941859306881497e-01
8.513338350008368138e-01
8.450827865159968866e-01
8.212945176378472212e-01
8.249522366066148749e-01
8.029523666259557046e-01
7.999382356155990692e-01
7.954964253160028420e-01
7.770042938074190886e-01
7.639155001257318389e-01
7.310164264900791409e-01
7.209426813009347512e-01
7.029138298825650111e-01
6.953743253321356121e-01
6.654981081067621318e-01
6.566033399056312447e-01
6.243692104558782319e-01
6.126548206659254703e-01
5.876503091282838653e-01
5.714045098587376970e-01
5.405058659130350662e-01
5.125069940424147319e-01
4.921603648149819321e-01
4.694222744925617974e-01
4.268645372906405555e-01
4.054217201633019130e-01
3.448741637941150628e-01
3.150527889574625817e-01
2.680309881147042717e-01
2.166271944544941874e-01
1.280832858368867733e-01
2.973829055943610911e-02
-2.016779166962425762e-01
-2.016779166962425762e-01
2.973829055943610911e-02
1.280832858368867733e-01
2.166271944544941874e-01
2.680309881147042717e-01
3.150527889574625817e-01
3.448741637941150628e-01
4.054217201633019130e-01
4.268645372906405555e-01
4.694222744925617974e-01
4.921603648149819321e-01
5.125069940424147319e-01
5.405058659130350662e-01
5.714045098587376970e-01
5.876503091282838653e-01
6.126548206659254703e-01
6.243692104558782319e-01
6.566033399056312447e-01
6.654981081067621318e-01
6.953743253321356121e-01
7.029138298825650111e-01
7.209426813009347512e-01
7.310164264900791409e-01
7.639155001257318389e-01
7.770042938074190886e-01
7.954964253160028420e-01
7.999382356155990692e-01
8.029523666259557046e-01
8.249522366066148749e-01
8.212945176378472212e-01
8.450827865159968866e-01
8.513338350008368138e-01
8.736941859306881497e-01
8.748423304528571975e-01
8.873543935871897048e-01
9.024534428920762963e-01
9.004408810552000375e-01
9.151069725515128539e-01
9.207511246875537125e-01
9.454631940966109482e-01
9.580887951251977341e-01
9.627264419223369174e-01
9.814951465850558776e-01
9.846577998236334395e-01
9.992443989492070244e-01
9.948155584785283168e-01
9.939778142461435095e-01
1.021452918006827915e+00
1.003846692874612145e+00
1.031835267049045157e+00
1.047694068556566549e+00
1.050026290450883693e+00
1.054545342686346032e+00
1.068144347095113744e+00
1.060629813653756415e+00
1.065605962927627104e+00
1.076046273140299547e+00
1.101150093312604383e+00
1.096500298402485640e+00
1.090697330181811253e+00
1.117553707600317026e+00
1.108037582807348542e+00
1.110686138330581940e+00
1.134406086974456329e+00
1.104375354977911172e+00
1.137389068656462499e+00
1.141439082996724252e+00
1.141262653920755099e+00
1.145328418757831201e+00
1.159510523292571094e+00
1.148077744244671905e+00
1.166632482627397494e+00
1.170257973773409788e+00
1.176817166461562536e+00
1.187383718581429548e+00
1.181213985855906756e+00
1.174625985086365176e+00
1.189417931025847253e+00
1.186829650786297208e+00
1.187291352627454444e+00
1.170621246867948884e+00
1.201992026746891540e+00
1.183879796139875040e+00
1.201055170766807123e+00
1.179013159658083509e+00
1.209424207342900459e+00
1.201617179024388804e+00
1.217483032659252729e+00
1.211693068214092506e+00
1.215106040810331578e+00
1.202835948218517359e+00
1.217292665249576800e+00
1.218149604126107732e+00
1.198716863570343349e+00
1.209990940143560678e+00
1.225703304526168935e+00
1.191270812786264344e+00
1.240496902818104985e+00
1.214821181101811476e+00
1.223306716119333615e+00
1.227528560808888614e+00
1.232637744333402452e+00
1.205842339058648349e+00
1.209329783094684529e+00
1.229549832973063417e+00
1.223210971947686687e+00
1.215295992373254919e+00
1.227913250176971616e+00
1.233217790753377230e+00
1.217387844424445476e+00
1.212450500554790978e+00
1.204431967897308553e+00
1.207066271800997015e+00
1.209613082591360467e+00
1.197129932082113157e+00
1.218721304951587925e+00
1.202835948218517359e+00
1.184984972159529804e+00
1.179196376954308789e+00
1.196477220976838396e+00
1.184063907343562150e+00
1.182683898844501869e+00
1.169622563231447643e+00
1.182040546035215911e+00
1.173623295972685554e+00
1.167356530084134647e+00
1.179196376954308789e+00
1.164282942417679934e+00
1.137652700627759472e+00
1.162028963191767517e+00
1.151993036663981229e+00
1.136510797038440046e+00
1.121178150642951010e+00
1.130733470044727795e+00
1.098611161684690529e+00
1.117209206692594492e+00
1.105821609855887289e+00
1.093720764079808561e+00
1.090445789493777795e+00
1.082928841044479285e+00
1.084344387306911628e+00
1.057461268938400423e+00
1.062829317615719305e+00
1.066669662246512829e+00
1.033734602852696582e+00
1.036590387754054987e+00
1.023803095351780712e+00
1.019967324082561078e+00
1.014979393859636758e+00
1.006001700250594766e+00
9.907097132944642226e-01
9.758723106138695869e-01
9.621363408504084447e-01
9.466968214799393877e-01
9.345719616238383765e-01
9.307057006325116788e-01
9.216005018620609945e-01
8.843481054525579310e-01
8.691147449691936089e-01
8.596188865349443375e-01
8.538452367570066315e-01
8.317253636124615213e-01
8.136375123866521619e-01
7.891495680948068525e-01
7.748007059658679196e-01
7.546444686977995531e-01
7.235532701657287902e-01
7.144170900444528627e-01
6.935123900747832693e-01
6.591055170161652654e-01
6.516717488241479117e-01
6.125508435408004715e-01
5.914606117035372534e-01
5.609326903015627863e-01
5.260507915440015836e-01
4.896746334669384026e-01
4.630003370744297797e-01
4.211814807069984568e-01
3.937001281270369191e-01
3.498187468006754841e-01
3.216767406625624659e-01
2.794783133709675127e-01
2.266492563617283906e-01
1.861651878134509275e-01
1.258121206490585564e-01
7.131280065851974825e-02
-1.408864138022991597e-03
-5.766968343963263521e-02
-1.397642943391161907e-01
-2.206565885261326798e-01
-3.043011780671349698e-01
-4.151023189809759373e-01
-5.307602983575669953e-01
-6.626975233481218197e-01
-8.269526040695538427e-01
-1.015857576316211208e+00
-1.265994705239990026e+00
-1.602058306018154354e+00
-2.148249101035773378e+00
-4.496626074755479152e+00
