-5.038016120945265186e+00 -2.594942470762509945e+00 -2.182889035645995790e+00 -1.970627543175821117e+00 -1.861734431522111155e+00 -1.840605979709431850e+00 -1.874212316196067096e+00 -1.850110438775390165e+00 -1.814474814853866302e+00 -1.854936996173199848e+00 -1.644888942864441983e+00 -1.405569484575791783e+00 -1.278157171502838585e+00 -1.196940191659152442e+00 -1.152510469977695795e+00 -1.150077605155122029e+00 -1.189968877403687841e+00 -1.295624606488805952e+00 -1.525184703841847789e+00 -2.462770341681276953e+00
-2.536512315889085212e+00 -9.343866570632952673e-02 3.186147694101846284e-01 5.308762618803593014e-01 6.397693735340692633e-01 6.608978253467485686e-01 6.272914888601133221e-01 6.513933662807902536e-01 6.870289902023141160e-01 6.465668088829805704e-01 8.566148621917384354e-01 1.095934320480388635e+00 1.223346633553341833e+00 1.304563613397027977e+00 1.348993335078484623e+00 1.351426199901058389e+00 1.311534927652492577e+00 1.205879198567374466e+00 9.763191012143326297e-01 3.873346337490346514e-02
-2.201454810426022757e+00 2.416188397567329282e-01 6.536722748732470833e-01 8.659337673434217564e-01 9.748268789971317183e-01 9.959553308098110236e-01 9.623489943231757771e-01 9.864508717438527086e-01 1.022086495665376571e+00 9.816243143460430254e-01 1.191672367654800890e+00 1.430991825943451090e+00 1.558404139016404288e+00 1.639621118860090432e+00 1.684050840541547078e+00 1.686483705364120844e+00 1.646592433115555032e+00 1.540936704030436921e+00 1.311376606677395085e+00 3.737909688379659201e-01
-2.096578497761554249e+00 3.464951524212014355e-01 7.585485875377155907e-01 9.708100800078902637e-01 1.079703191661600226e+00 1.100831643474279531e+00 1.067225306987644284e+00 1.091327184408321216e+00 1.126962808329845078e+00 1.086500627010511533e+00 1.296548680319269398e+00 1.535868138607919597e+00 1.663280451680872796e+00 1.744497431524558939e+00 1.788927153206015586e+00 1.791360018028589352e+00 1.751468745780023539e+00 1.645813016694905428e+00 1.416252919341863592e+00 4.786672815024344274e-01
-2.108566855286097219e+00 3.345067948966584659e-01 7.465602300131726210e-01 9.588217224833472940e-01 1.067714834137057256e+00 1.088843285949736561e+00 1.055236949463101315e+00 1.079338826883778246e+00 1.114974450805302109e+00 1.074512269485968563e+00 1.284560322794726428e+00 1.523879781083376628e+00 1.651292094156329826e+00 1.732509074000015969e+00 1.776938795681472616e+00 1.779371660504046382e+00 1.739480388255480570e+00 1.633824659170362459e+00 1.404264561817320622e+00 4.666789239778914578e-01
-2.069183394741532123e+00 3.738902554412235624e-01 7.859436905577377175e-01 9.982051830279123905e-01 1.107098294681622352e+00 1.128226746494301658e+00 1.094620410007666411e+00 1.118722287428343343e+00 1.154357911349867205e+00 1.113895730030533660e+00 1.323943783339291524e+00 1.563263241627941724e+00 1.690675554700894923e+00 1.771892534544581066e+00 1.816322256226037712e+00 1.818755121048611478e+00 1.778863848800045666e+00 1.673208119714927555e+00 1.443648022361885719e+00 5.060623845224565542e-01
-1.936478286073942012e+00 5.065953641088136727e-01 9.186487992253278279e-01 1.130910291695502501e+00 1.239803403349212463e+00 1.260931855161891768e+00 1.227325518675256522e+00 1.251427396095933453e+00 1.287063020017457315e+00 1.246600838698123770e+00 1.456648892006881635e+00 1.695968350295531835e+00 1.823380663368485033e+00 1.904597643212171176e+00 1.949027364893627823e+00 1.951460229716201589e+00 1.911568957467635776e+00 1.805913228382517666e+00 1.576353131029475829e+00 6.387674931900466646e-01
-1.690953903385795876e+00 7.521197467969598094e-01 1.164173181913473964e+00 1.376434674383648638e+00 1.485327786037358599e+00 1.506456237850037905e+00 1.472849901363402658e+00 1.496951778784079590e+00 1.532587402705603452e+00 1.492125221386269907e+00 1.702173274695027771e+00 1.941492732983677971e+00 2.068905046056631392e+00 2.150122025900317091e+00 2.194551747581773959e+00 2.196984612404347725e+00 2.157093340155781913e+00 2.051437611070663802e+00 1.821877513717621966e+00 8.842918758781928013e-01
-1.446224307948154486e+00 9.968493422346011990e-01 1.408902777351115354e+00 1.621164269821290027e+00 1.730057381474999989e+00 1.751185833287679294e+00 1.717579496801044048e+00 1.741681374221720979e+00 1.777316998143244842e+00 1.736854816823911296e+00 1.946902870132669161e+00 2.186222328421319361e+00 2.313634641494272337e+00 2.394851621337958925e+00 2.439281343019415349e+00 2.441714207841989115e+00 2.401822935593423303e+00 2.296167206508305192e+00 2.066607109155263355e+00 1.129021471315834191e+00
-1.205270460399106902e+00 1.237803189783648783e+00 1.649856624900162938e+00 1.862118117370337611e+00 1.971011229024047573e+00 1.992139680836726878e+00 1.958533344350091632e+00 1.982635221770768563e+00 2.018270845692292426e+00 1.977808664372958880e+00 2.187856717681716745e+00 2.427176175970366945e+00 2.554588489043320365e+00 2.635805468887006064e+00 2.680235190568462933e+00 2.682668055391036699e+00 2.642776783142470887e+00 2.537121054057352776e+00 2.307560956704310939e+00 1.369975318864881775e+00
-8.143270940232663069e-01 1.628746556159489378e+00 2.040799991276003311e+00 2.253061483746177984e+00 2.361954595399888390e+00 2.383083047212567251e+00 2.349476710725932449e+00 2.373578588146608936e+00 2.409214212068133243e+00 2.368752030748799697e+00 2.578800084057557562e+00 2.818119542346207318e+00 2.945531855419160738e+00 3.026748835262846882e+00 3.071178556944303750e+00 3.073611421766877072e+00 3.033720149518311260e+00 2.928064420433193149e+00 2.698504323080151757e+00 1.760918685240722370e+00
-5.026704389533758199e-01 1.940403211229379865e+00 2.352456646345894242e+00 2.564718138816068915e+00 2.673611250469778433e+00 2.694739702282458182e+00 2.661133365795822492e+00 2.685235243216499867e+00 2.720870867138023286e+00 2.680408685818689740e+00 2.890456739127447605e+00 3.129776197416098249e+00 3.257188510489051225e+00 3.338405490332737369e+00 3.382835212014193793e+00 3.385268076836768003e+00 3.345376804588202191e+00 3.239721075503084080e+00 3.010160978150041799e+00 2.072575340310613079e+00
-2.673117283359998098e-01 2.175761921846755875e+00 2.587815356963270030e+00 2.800076849433444703e+00 2.908969961087154665e+00 2.930098412899833971e+00 2.896492076413198724e+00 2.920593953833875656e+00 2.956229577755399518e+00 2.915767396436065972e+00 3.125815449744823837e+00 3.365134908033474037e+00 3.492547221106427457e+00 3.573764200950113157e+00 3.618193922631570025e+00 3.620626787454143791e+00 3.580735515205577979e+00 3.475079786120459868e+00 3.245519688767418032e+00 2.307934050927988867e+00
-6.675434632190357931e-02 2.376319303860852106e+00 2.788372738977366261e+00 3.000634231447540934e+00 3.109527343101250896e+00 3.130655794913930201e+00 3.097049458427294955e+00 3.121151335847971886e+00 3.156786959769495748e+00 3.116324778450162203e+00 3.326372831758920068e+00 3.565692290047570268e+00 3.693104603120523244e+00 3.774321582964209831e+00 3.818751304645666256e+00 3.821184169468240022e+00 3.781292897219674209e+00 3.675637168134556099e+00 3.446077070781514262e+00 2.508491432942085098e+00
1.006483456312339264e-01 2.543721995813989611e+00 2.955775430930503767e+00 3.168036923400678440e+00 3.276930035054388402e+00 3.298058486867067707e+00 3.264452150380432460e+00 3.288554027801109392e+00 3.324189651722633254e+00 3.283727470403299709e+00 3.493775523712057574e+00 3.733094982000707773e+00 3.860507295073660750e+00 3.941724274917347337e+00 3.986153996598803761e+00 3.988586861421377527e+00 3.948695589172811715e+00 3.843039860087693604e+00 3.613479762734651768e+00 2.675894124895222603e+00
2.466726218659545111e-01 2.689746272048710196e+00 3.101799707165224351e+00 3.314061199635399024e+00 3.422954311289108986e+00 3.444082763101788291e+00 3.410476426615153045e+00 3.434578304035829976e+00 3.470213927957353839e+00 3.429751746638020293e+00 3.639799799946778158e+00 3.879119258235428358e+00 4.006531571308381778e+00 4.087748551152067478e+00 4.132178272833524346e+00 4.134611137656097668e+00 4.094719865407531856e+00 3.989064136322414189e+00 3.759504038969372353e+00 2.821918401129943188e+00
3.702969809807195034e-01 2.813370631163475188e+00 3.225424066279989344e+00 3.437685558750164017e+00 3.546578670403873979e+00 3.567707122216553284e+00 3.534100785729918037e+00 3.558202663150594969e+00 3.593838287072118831e+00 3.553376105752785286e+00 3.763424159061543151e+00 4.002743617350192906e+00 4.130155930423146771e+00 4.211372910266832470e+00 4.255802631948289338e+00 4.258235496770863548e+00 4.218344224522297736e+00 4.112688495437179625e+00 3.883128398084137345e+00 2.945542760244708180e+00
4.647782605519834576e-01 2.907851910734739143e+00 3.319905345851253298e+00 3.532166838321427971e+00 3.641059949975137933e+00 3.662188401787817238e+00 3.628582065301181991e+00 3.652683942721858923e+00 3.688319566643382785e+00 3.647857385324049240e+00 3.857905438632807105e+00 4.097224896921456860e+00 4.224637209994410725e+00 4.305854189838096424e+00 4.350283911519553293e+00 4.352716776342127503e+00 4.312825504093561690e+00 4.207169775008443580e+00 3.977609677655401299e+00 3.040024039815972134e+00
5.289176597525058199e-01 2.971991309935261505e+00 3.384044745051775660e+00 3.596306237521950333e+00 3.705199349175660295e+00 3.726327800988339600e+00 3.692721464501704354e+00 3.716823341922381285e+00 3.752458965843905148e+00 3.711996784524571602e+00 3.922044837833329467e+00 4.161364296121979223e+00 4.288776609194933087e+00 4.369993589038618786e+00 4.414423310720075655e+00 4.416856175542649865e+00 4.376964903294084053e+00 4.271309174208965942e+00 4.041749076855923661e+00 3.104163439016494497e+00
5.656789176473213665e-01 3.008752567830077052e+00 3.420806002946591207e+00 3.633067495416765880e+00 3.741960607070475842e+00 3.763089058883155147e+00 3.729482722396519900e+00 3.753584599817196832e+00 3.789220223738720694e+00 3.748758042419387149e+00 3.958806095728145014e+00 4.198125554016795213e+00 4.325537867089748190e+00 4.406754846933434777e+00 4.451184568614891646e+00 4.453617433437464967e+00 4.413726161188899155e+00 4.308070432103781044e+00 4.078510334750738764e+00 3.140924696911310043e+00
