-4.952904348086747177e+00 -2.587882056221812999e+00 -2.167146536723960626e+00 -1.940497345569572207e+00 -1.806931921248362993e+00 -1.748041851970600025e+00 -1.759095961906817607e+00 -1.753390781063045800e+00 -1.757632350813902455e+00 -1.849743635478797277e+00 -1.700897852057835280e+00 -1.480569349053315387e+00 -1.374906858194724801e+00 -1.316771736673471693e+00 -1.301245482583570201e+00 -1.327535320342016600e+00 -1.399395287080927863e+00 -1.542344086468729225e+00 -1.836753951357773751e+00 -3.060459304309344652e+00
-2.451400543030567203e+00 -8.637825116563258021e-02 3.343572683322197925e-01 5.610064594866082111e-01 6.945718838078174251e-01 7.534619530855803937e-01 7.424078431493628116e-01 7.481130239931346182e-01 7.438714542422779630e-01 6.517601695773831416e-01 8.006059529983451384e-01 1.020934456002865032e+00 1.126596946861455617e+00 1.184732068382708725e+00 1.200258322472610217e+00 1.173968484714163818e+00 1.102108517975252555e+00 9.591597185874511933e-01 6.647498536984066675e-01 -5.589554992531642341e-01
-2.116343037567504748e+00 2.486792542974298748e-01 6.694147737952822474e-01 8.960639649496706660e-01 1.029629389270879880e+00 1.088519458548642849e+00 1.077465348612425267e+00 1.083170529456197073e+00 1.078928959705340418e+00 9.868176750404455966e-01 1.135663458461407593e+00 1.355991961465927487e+00 1.461654452324518072e+00 1.519789573845771180e+00 1.535315827935672672e+00 1.509025990177226273e+00 1.437166023438315010e+00 1.294217224050513648e+00 9.998073591614691225e-01 -2.238979937901017792e-01
-2.011466724903036241e+00 3.535555669618983821e-01 7.742910864597507548e-01 1.000940277614139173e+00 1.134505701935348387e+00 1.193395771213111356e+00 1.182341661276893774e+00 1.188046842120665580e+00 1.183805272369808925e+00 1.091693987704914104e+00 1.240539771125876101e+00 1.460868274130395994e+00 1.566530764988986579e+00 1.624665886510239687e+00 1.640192140600141180e+00 1.613902302841694780e+00 1.542042336102783517e+00 1.399093536714982156e+00 1.104683671825937630e+00 -1.190216811256332718e-01
-2.023455082427579210e+00 3.415672094373554124e-01 7.623027289352077851e-01 9.889519200895962037e-01 1.122517344410805418e+00 1.181407413688568386e+00 1.170353303752350804e+00 1.176058484596122611e+00 1.171816914845265956e+00 1.079705630180371134e+00 1.228551413601333131e+00 1.448879916605853024e+00 1.554542407464443610e+00 1.612677528985696718e+00 1.628203783075598210e+00 1.601913945317151811e+00 1.530053978578240548e+00 1.387105179190439186e+00 1.092695314301394660e+00 -1.310100386501762415e-01
-1.984071621883014114e+00 3.809506699819205089e-01 8.016861894797728816e-01 1.028335380634161300e+00 1.161900804955370514e+00 1.220790874233133483e+00 1.209736764296915901e+00 1.215441945140687707e+00 1.211200375389831052e+00 1.119089090724936231e+00 1.267934874145898227e+00 1.488263377150418121e+00 1.593925868009008706e+00 1.652060989530261814e+00 1.667587243620163306e+00 1.641297405861716907e+00 1.569437439122805644e+00 1.426488639735004282e+00 1.132078774845959757e+00 -9.162657810561114502e-02
-1.851366513215424003e+00 5.136557786495106193e-01 9.343912981473629920e-01 1.161040489301751411e+00 1.294605913622960625e+00 1.353495982900723593e+00 1.342441872964506011e+00 1.348147053808277818e+00 1.343905484057421162e+00 1.251794199392526341e+00 1.400639982813488338e+00 1.620968485818008231e+00 1.726630976676598817e+00 1.784766098197851925e+00 1.800292352287753417e+00 1.774002514529307017e+00 1.702142547790395755e+00 1.559193748402594393e+00 1.264783883513549867e+00 4.107853056197896535e-02
-1.605842130527277867e+00 7.591801613376567559e-01 1.179915680835509129e+00 1.406564871989897547e+00 1.540130296311106761e+00 1.599020365588869730e+00 1.587966255652652148e+00 1.593671436496423954e+00 1.589429866745567299e+00 1.497318582080672478e+00 1.646164365501634474e+00 1.866492868506154368e+00 1.972155359364744953e+00 2.030290480885998061e+00 2.045816734975899553e+00 2.019526897217453154e+00 1.947666930478541891e+00 1.804718131090740529e+00 1.510308266201696004e+00 2.866029132501251020e-01
-1.361112535089636477e+00 1.003909756775298145e+00 1.424645276273150518e+00 1.651294467427538937e+00 1.784859891748748151e+00 1.843749961026511119e+00 1.832695851090293537e+00 1.838401031934065344e+00 1.834159462183208689e+00 1.742048177518313867e+00 1.890893960939275864e+00 2.111222463943795979e+00 2.216884954802386343e+00 2.275020076323639451e+00 2.290546330413540943e+00 2.264256492655094544e+00 2.192396525916183059e+00 2.049447726528382141e+00 1.755037861639337393e+00 5.313325086877664916e-01
-1.120158687540588893e+00 1.244863604324345729e+00 1.665599123822198102e+00 1.892248314976586521e+00 2.025813739297795735e+00 2.084703808575558703e+00 2.073649698639341121e+00 2.079354879483112928e+00 2.075113309732256273e+00 1.983002025067361451e+00 2.131847808488323448e+00 2.352176311492843119e+00 2.457838802351433927e+00 2.515973923872687035e+00 2.531500177962588527e+00 2.505210340204142128e+00 2.433350373465231087e+00 2.290401574077429281e+00 1.995991709188384977e+00 7.722863562368140755e-01
-7.292153211647482980e-01 1.635806970700186325e+00 2.056542490198038919e+00 2.283191681352427338e+00 2.416757105673636552e+00 2.475647174951399521e+00 2.464593065015181494e+00 2.470298245858953301e+00 2.466056676108096646e+00 2.373945391443202269e+00 2.522791174864163821e+00 2.743119677868683937e+00 2.848782168727274744e+00 2.906917290248527408e+00 2.922443544338428900e+00 2.896153706579982945e+00 2.824293739841071460e+00 2.681344940453270098e+00 2.386935075564225350e+00 1.163229722612654671e+00
-4.175586660948578110e-01 1.947463625770076812e+00 2.368199145267928962e+00 2.594848336422317381e+00 2.728413760743526595e+00 2.787303830021289563e+00 2.776249720085072425e+00 2.781954900928844232e+00 2.777713331177987577e+00 2.685602046513092311e+00 2.834447829934054752e+00 3.054776332938574424e+00 3.160438823797164787e+00 3.218573945318418339e+00 3.234100199408319831e+00 3.207810361649872988e+00 3.135950394910961947e+00 2.993001595523160585e+00 2.698591730634116281e+00 1.474886377682545158e+00
-1.821999554774818009e-01 2.182822336387452822e+00 2.603557855885305194e+00 2.830207047039693613e+00 2.963772471360902827e+00 3.022662540638665796e+00 3.011608430702448214e+00 3.017313611546220020e+00 3.013072041795363365e+00 2.920960757130468544e+00 3.069806540551430540e+00 3.290135043555950212e+00 3.395797534414541019e+00 3.453932655935794127e+00 3.469458910025695619e+00 3.443169072267249220e+00 3.371309105528338179e+00 3.228360306140536373e+00 2.933950441251492069e+00 1.710245088299921168e+00
1.835742653661442958e-02 2.383379718401549052e+00 2.804115237899401425e+00 3.030764429053789843e+00 3.164329853374999058e+00 3.223219922652762026e+00 3.212165812716544444e+00 3.217870993560316251e+00 3.213629423809459595e+00 3.121518139144564774e+00 3.270363922565526771e+00 3.490692425570046886e+00 3.596354916428637249e+00 3.654490037949890358e+00 3.670016292039791850e+00 3.643726454281345450e+00 3.571866487542433966e+00 3.428917688154633048e+00 3.134507823265588300e+00 1.910802470314017398e+00
1.857601184897519353e-01 2.550782410354686558e+00 2.971517929852538931e+00 3.198167121006927349e+00 3.331732545328136563e+00 3.390622614605899532e+00 3.379568504669681950e+00 3.385273685513453756e+00 3.381032115762597101e+00 3.288920831097702280e+00 3.437766614518664277e+00 3.658095117523184392e+00 3.763757608381774755e+00 3.821892729903027863e+00 3.837418983992929356e+00 3.811129146234482956e+00 3.739269179495571471e+00 3.596320380107770553e+00 3.301910515218725806e+00 2.078205162267154904e+00
3.317843947244725200e-01 2.696806686589407143e+00 3.117542206087259515e+00 3.344191397241647934e+00 3.477756821562857148e+00 3.536646890840620117e+00 3.525592780904402535e+00 3.531297961748174341e+00 3.527056391997317686e+00 3.434945107332422864e+00 3.583790890753384861e+00 3.804119393757904533e+00 3.909781884616495340e+00 3.967917006137748448e+00 3.983443260227649940e+00 3.957153422469203541e+00 3.885293455730292500e+00 3.742344656342490694e+00 3.447934791453446390e+00 2.224229438501875489e+00
4.554087538392375123e-01 2.820431045704172135e+00 3.241166565202024508e+00 3.467815756356412926e+00 3.601381180677622140e+00 3.660271249955385109e+00 3.649217140019167527e+00 3.654922320862939333e+00 3.650680751112082678e+00 3.558569466447187857e+00 3.707415249868149854e+00 3.927743752872669525e+00 4.033406243731260332e+00 4.091541365252513884e+00 4.107067619342414488e+00 4.080777781583968533e+00 4.008917814845057492e+00 3.865969015457255686e+00 3.571559150568211383e+00 2.347853797616640481e+00
5.498900334105014664e-01 2.914912325275436089e+00 3.335647844773288462e+00 3.562297035927676880e+00 3.695862460248886094e+00 3.754752529526649063e+00 3.743698419590431481e+00 3.749403600434203288e+00 3.745162030683346632e+00 3.653050746018451811e+00 3.801896529439413808e+00 4.022225032443933479e+00 4.127887523302524286e+00 4.186022644823777838e+00 4.201548898913678443e+00 4.175259061155232487e+00 4.103399094416321446e+00 3.960450295028519641e+00 3.666040430139475337e+00 2.442335077187904435e+00
6.140294326110238288e-01 2.979051724475958451e+00 3.399787243973810824e+00 3.626436435128199243e+00 3.760001859449408457e+00 3.818891928727171425e+00 3.807837818790953843e+00 3.813542999634725650e+00 3.809301429883868995e+00 3.717190145218974173e+00 3.866035928639936170e+00 4.086364431644455841e+00 4.192026922503046649e+00 4.250162044024300201e+00 4.265688298114200805e+00 4.239398460355754850e+00 4.167538493616843809e+00 4.024589694229042003e+00 3.730179829339997699e+00 2.506474476388426798e+00
6.507906905058393754e-01 3.015812982370773998e+00 3.436548501868626371e+00 3.663197693023014789e+00 3.796763117344224003e+00 3.855653186621986972e+00 3.844599076685769390e+00 3.850304257529541196e+00 3.846062687778684541e+00 3.753951403113789720e+00 3.902797186534751717e+00 4.123125689539271832e+00 4.228788180397861751e+00 4.286923301919115303e+00 4.302449556009016796e+00 4.276159718250569952e+00 4.204299751511658911e+00 4.061350952123857994e+00 3.766941087234813246e+00 2.543235734283242344e+00
