-4.890253662334806961e+00 -2.387355026268999758e+00 -2.010759870944754724e+00 -1.836660791487233269e+00 -1.792025477807493328e+00 -1.805102677362894426e+00 -1.807326561071477489e+00 -1.700614881994293892e+00 -1.583345659156981888e+00 -1.502895359334084358e+00 -1.201149895112858523e+00 -9.333220101849222239e-01 -7.625554191860224318e-01 -6.311947642624842203e-01 -5.322573648882746866e-01 -4.736941307243889288e-01 -4.476928719887567354e-01 -4.737769941842868704e-01 -5.837406958539983481e-01 -1.069901847133731820e+00
-2.525231370469871894e+00 -2.233273440406513544e-02 3.542624209201798990e-01 5.283615003777013541e-01 5.729968140574412949e-01 5.599196145020401971e-01 5.576957307934571340e-01 6.644074098706407305e-01 7.816766327079527343e-01 8.621269325308502651e-01 1.163872396752076099e+00 1.431700281680012399e+00 1.602466872678912191e+00 1.733827527602450402e+00 1.832764926976659936e+00 1.891328161140545694e+00 1.917329419876177887e+00 1.891245297680647752e+00 1.781281596010936275e+00 1.295120444731202802e+00
-2.104495850972019522e+00 3.984027850937872373e-01 7.749979404180322717e-01 9.490970198755537268e-01 9.937323335552936676e-01 9.806551339998925698e-01 9.784312502913095067e-01 1.085142929368493103e+00 1.202412152205805107e+00 1.282862452028702638e+00 1.584607916249928472e+00 1.852435801177864771e+00 2.023202392176764342e+00 2.154563047100302775e+00 2.253500446474512309e+00 2.312063680638398289e+00 2.338064939374030260e+00 2.311980817178500125e+00 2.202017115508788869e+00 1.715855964229055175e+00
-1.877846659817631103e+00 6.250519762481756558e-01 1.001647131572420690e+00 1.175746211029942145e+00 1.220381524709682086e+00 1.207304325154280988e+00 1.205080441445697925e+00 1.311792120522881522e+00 1.429061343360193526e+00 1.509511643183091056e+00 1.811257107404316891e+00 2.079084992332253190e+00 2.249851583331152760e+00 2.381212238254691194e+00 2.480149637628900727e+00 2.538712871792786707e+00 2.564714130528418679e+00 2.538630008332888544e+00 2.428666306663177288e+00 1.942505155383443594e+00
-1.744281235496421889e+00 7.586174005693848699e-01 1.135212555893629904e+00 1.309311635351151359e+00 1.353946949030891300e+00 1.340869749475490202e+00 1.338645865766907139e+00 1.445357544844090736e+00 1.562626767681402740e+00 1.643077067504300270e+00 1.944822531725526105e+00 2.212650416653462404e+00 2.383417007652361974e+00 2.514777662575900408e+00 2.613715061950109941e+00 2.672278296113995921e+00 2.698279554849627893e+00 2.672195432654097758e+00 2.562231730984386502e+00 2.076070579704652808e+00
-1.685391166218658920e+00 8.175074698471478385e-01 1.194102625171392873e+00 1.368201704628914328e+00 1.412837018308654269e+00 1.399759818753253171e+00 1.397535935044670108e+00 1.504247614121853704e+00 1.621516836959165708e+00 1.701967136782063239e+00 2.003712601003289073e+00 2.271540485931225373e+00 2.442307076930124943e+00 2.573667731853663376e+00 2.672605131227872910e+00 2.731168365391758890e+00 2.757169624127390861e+00 2.731085501931860726e+00 2.621121800262149470e+00 2.134960648982415776e+00
-1.696445276154876503e+00 8.064533599109302564e-01 1.183048515235175291e+00 1.357147594692696746e+00 1.401782908372436687e+00 1.388705708817035589e+00 1.386481825108452526e+00 1.493193504185636122e+00 1.610462727022948126e+00 1.690913026845845657e+00 1.992658491067071491e+00 2.260486375995007791e+00 2.431252966993907805e+00 2.562613621917445794e+00 2.661551021291655328e+00 2.720114255455540864e+00 2.746115514191173279e+00 2.720031391995643144e+00 2.610067690325931444e+00 2.123906539046198194e+00
-1.690740095311104696e+00 8.121585407547020630e-01 1.188753696078947097e+00 1.362852775536468553e+00 1.407488089216208493e+00 1.394410889660807396e+00 1.392187005952224332e+00 1.498898685029407929e+00 1.616167907866719933e+00 1.696618207689617464e+00 1.998363671910843298e+00 2.266191556838779597e+00 2.436958147837679611e+00 2.568318802761217601e+00 2.667256202135427134e+00 2.725819436299312670e+00 2.751820695034945086e+00 2.725736572839414951e+00 2.615772871169703251e+00 2.129611719889970001e+00
-1.694981665061961351e+00 8.079169710038454078e-01 1.184512126328090442e+00 1.358611205785611897e+00 1.403246519465351838e+00 1.390169319909950740e+00 1.387945436201367677e+00 1.494657115278551274e+00 1.611926338115863278e+00 1.692376637938760808e+00 1.994122102159986643e+00 2.261949987087922942e+00 2.432716578086822956e+00 2.564077233010360946e+00 2.663014632384570479e+00 2.721577866548456015e+00 2.747579125284088430e+00 2.721495003088558295e+00 2.611531301418846596e+00 2.125370150139113345e+00
-1.787092949726856173e+00 7.158056863389505864e-01 1.092400841663195621e+00 1.266499921120717076e+00 1.311135234800457017e+00 1.298058035245055919e+00 1.295834151536472856e+00 1.402545830613656452e+00 1.519815053450968456e+00 1.600265353273865987e+00 1.902010817495091821e+00 2.169838702423028121e+00 2.340605293421927691e+00 2.471965948345466124e+00 2.570903347719675658e+00 2.629466581883561638e+00 2.655467840619193609e+00 2.629383718423663474e+00 2.519420016753952218e+00 2.033258865474218524e+00
-1.638247166305894176e+00 8.646514697599125832e-01 1.241246625084157618e+00 1.415345704541679073e+00 1.459981018221419014e+00 1.446903818666017916e+00 1.444679934957434853e+00 1.551391614034618449e+00 1.668660836871930453e+00 1.749111136694827984e+00 2.050856600916053818e+00 2.318684485843990117e+00 2.489451076842890132e+00 2.620811731766428121e+00 2.719749131140637655e+00 2.778312365304523190e+00 2.804313624040155606e+00 2.778229501844625471e+00 2.668265800174913771e+00 2.182104648895180521e+00
-1.417918663301374282e+00 1.084979972764432476e+00 1.461575128088677511e+00 1.635674207546198966e+00 1.680309521225938907e+00 1.667232321670537809e+00 1.665008437961954746e+00 1.771720117039138342e+00 1.888989339876450346e+00 1.969439639699347877e+00 2.271185103920573489e+00 2.539012988848510233e+00 2.709779579847409803e+00 2.841140234770947792e+00 2.940077634145157326e+00 2.998640868309043306e+00 3.024642127044675277e+00 2.998558004849145142e+00 2.888594303179433886e+00 2.402433151899700192e+00
-1.312256172442783697e+00 1.190642463623023062e+00 1.567237618947268096e+00 1.741336698404789551e+00 1.785972012084529492e+00 1.772894812529128394e+00 1.770670928820545331e+00 1.877382607897728928e+00 1.994651830735040932e+00 2.075102130557938462e+00 2.376847594779164297e+00 2.644675479707100596e+00 2.815442070706000166e+00 2.946802725629538600e+00 3.045740125003748133e+00 3.104303359167634113e+00 3.130304617903266085e+00 3.104220495707735950e+00 2.994256794038024694e+00 2.508095642758291000e+00
-1.254121050921530589e+00 1.248777585144276170e+00 1.625372740468521204e+00 1.799471819926042659e+00 1.844107133605782600e+00 1.831029934050381502e+00 1.828806050341798439e+00 1.935517729418982036e+00 2.052786952256294040e+00 2.133237252079191570e+00 2.434982716300417405e+00 2.702810601228353704e+00 2.873577192227253718e+00 3.004937847150791708e+00 3.103875246525001241e+00 3.162438480688886777e+00 3.188439739424519193e+00 3.162355617228989058e+00 3.052391915559277358e+00 2.566230764279544108e+00
-1.238594796831629097e+00 1.264303839234177662e+00 1.640898994558422697e+00 1.814998074015944152e+00 1.859633387695684092e+00 1.846556188140282995e+00 1.844332304431699932e+00 1.951043983508883528e+00 2.068313206346195532e+00 2.148763506169093063e+00 2.450508970390318897e+00 2.718336855318255196e+00 2.889103446317155210e+00 3.020464101240693200e+00 3.119401500614902734e+00 3.177964734778788269e+00 3.203965993514420685e+00 3.177881871318890550e+00 3.067918169649178850e+00 2.581757018369445600e+00
-1.264884634590075496e+00 1.238014001475731263e+00 1.614609156799976297e+00 1.788708236257497752e+00 1.833343549937237693e+00 1.820266350381836595e+00 1.818042466673253532e+00 1.924754145750437129e+00 2.042023368587749133e+00 2.122473668410646663e+00 2.424219132631872498e+00 2.692047017559808797e+00 2.862813608558708367e+00 2.994174263482246801e+00 3.093111662856456334e+00 3.151674897020342314e+00 3.177676155755974285e+00 3.151592033560444150e+00 3.041628331890732895e+00 2.555467180610999200e+00
-1.336744601328986759e+00 1.166154034736820000e+00 1.542749190061065034e+00 1.716848269518586489e+00 1.761483583198326430e+00 1.748406383642925332e+00 1.746182499934342269e+00 1.852894179011525866e+00 1.970163401848837870e+00 2.050613701671735178e+00 2.352359165892961457e+00 2.620187050820897312e+00 2.790953641819797326e+00 2.922314296743335760e+00 3.021251696117545293e+00 3.079814930281430829e+00 3.105816189017063245e+00 3.079732066821533110e+00 2.969768365151821410e+00 2.483607213872088160e+00
-1.479693400716788121e+00 1.023205235349018638e+00 1.399800390673263673e+00 1.573899470130785128e+00 1.618534783810525068e+00 1.605457584255123971e+00 1.603233700546540907e+00 1.709945379623724504e+00 1.827214602461036508e+00 1.907664902283934039e+00 2.209410366505159651e+00 2.477238251433096394e+00 2.648004842431995964e+00 2.779365497355533954e+00 2.878302896729743487e+00 2.936866130893629467e+00 2.962867389629261439e+00 2.936783267433731304e+00 2.826819565764020048e+00 2.340658414484286354e+00
-1.774103265605832647e+00 7.287953704599741123e-01 1.105390525784219147e+00 1.279489605241740602e+00 1.324124918921480543e+00 1.311047719366079445e+00 1.308823835657496382e+00 1.415535514734679978e+00 1.532804737571991982e+00 1.613255037394889513e+00 1.915000501616115347e+00 2.182828386544051646e+00 2.353594977542951661e+00 2.484955632466489650e+00 2.583893031840699184e+00 2.642456266004584720e+00 2.668457524740217135e+00 2.642373402544687000e+00 2.532409700874975300e+00 2.046248549595242050e+00
-2.997808618557403548e+00 -4.949099824915967893e-01 -1.183148271673517549e-01 5.578425229016970022e-02 1.004195659699096410e-01 8.734236641450854322e-02 8.511848270592548005e-02 1.918301617831090766e-01 3.090993846204210804e-01 3.895496844433186112e-01 6.912951486645444454e-01 9.591230335924807449e-01 1.129889624591380537e+00 1.261250279514918748e+00 1.360187678889128282e+00 1.418750913053014040e+00 1.444752171788646233e+00 1.418668049593116098e+00 1.308704347923404621e+00 8.225431966436711484e-01
