-4.317032736089498002e+00 -2.295220626322481916e+00 -1.902698009215681996e+00 -1.682674410101475448e+00 -1.559063403793207403e+00 -1.491568781988467318e+00 -1.470583697305160475e+00 -1.486933241026446417e+00 -1.556300927240053422e+00 -1.781371608257743766e+00 -1.781371608257743766e+00 -1.556300927240053422e+00 -1.486933241026446417e+00 -1.470583697305160698e+00 -1.491568781988467318e+00 -1.559063403793207403e+00 -1.682674410101475004e+00 -1.902698009215681996e+00 -2.295220626322481916e+00 -4.317032736089498002e+00
-1.814134100023691243e+00 2.076780097433248429e-01 6.002006268501247632e-01 8.202242259643313105e-01 9.438352322725993560e-01 1.011329854077339441e+00 1.032314938760646283e+00 1.015965395039360342e+00 9.465977088257533367e-01 7.215270278080629929e-01 7.215270278080629929e-01 9.465977088257533367e-01 1.015965395039360342e+00 1.032314938760646061e+00 1.011329854077339441e+00 9.438352322725993560e-01 8.202242259643317546e-01 6.002006268501247632e-01 2.076780097433248429e-01 -1.814134100023691243e+00
-1.437538944699446208e+00 5.842731650675698774e-01 9.767957821743697977e-01 1.196819381288576345e+00 1.320430387596844390e+00 1.387925009401584475e+00 1.408910094084891318e+00 1.392560550363605376e+00 1.323192864149998371e+00 1.098122183132308027e+00 1.098122183132308027e+00 1.323192864149998371e+00 1.392560550363605376e+00 1.408910094084891096e+00 1.387925009401584475e+00 1.320430387596844390e+00 1.196819381288576789e+00 9.767957821743697977e-01 5.842731650675698774e-01 -1.437538944699446208e+00
-1.263439865241924753e+00 7.583722445250913324e-01 1.150894861631891253e+00 1.370918460746097800e+00 1.494529467054365846e+00 1.562024088859105930e+00 1.583009173542412773e+00 1.566659629821126831e+00 1.497291943607519826e+00 1.272221262589829482e+00 1.272221262589829482e+00 1.497291943607519826e+00 1.566659629821126831e+00 1.583009173542412551e+00 1.562024088859105930e+00 1.494529467054365846e+00 1.370918460746098244e+00 1.150894861631891253e+00 7.583722445250913324e-01 -1.263439865241924753e+00
-1.218804551562184812e+00 8.030075582048312732e-01 1.195530175311631194e+00 1.415553774425837741e+00 1.539164780734105786e+00 1.606659402538845871e+00 1.627644487222152714e+00 1.611294943500866772e+00 1.541927257287259767e+00 1.316856576269569423e+00 1.316856576269569423e+00 1.541927257287259767e+00 1.611294943500866772e+00 1.627644487222152492e+00 1.606659402538845871e+00 1.539164780734105786e+00 1.415553774425838185e+00 1.195530175311631194e+00 8.030075582048312732e-01 -1.218804551562184812e+00
-1.231881751117585910e+00 7.899303586494301754e-01 1.182452975756230096e+00 1.402476574870436643e+00 1.526087581178704689e+00 1.593582202983444773e+00 1.614567287666751616e+00 1.598217743945465674e+00 1.528850057731858669e+00 1.303779376714168325e+00 1.303779376714168325e+00 1.528850057731858669e+00 1.598217743945465674e+00 1.614567287666751394e+00 1.593582202983444773e+00 1.526087581178704689e+00 1.402476574870437087e+00 1.182452975756230096e+00 7.899303586494301754e-01 -1.231881751117585910e+00
-1.234105634826168973e+00 7.877064749408471123e-01 1.180229092047647033e+00 1.400252691161853580e+00 1.523863697470121625e+00 1.591358319274861710e+00 1.612343403958168553e+00 1.595993860236882611e+00 1.526626174023275606e+00 1.301555493005585262e+00 1.301555493005585262e+00 1.526626174023275606e+00 1.595993860236882611e+00 1.612343403958168331e+00 1.591358319274861710e+00 1.523863697470121625e+00 1.400252691161854024e+00 1.180229092047647033e+00 7.877064749408471123e-01 -1.234105634826168973e+00
-1.127393955748985377e+00 8.944181540180307088e-01 1.286940771124830629e+00 1.506964370239037176e+00 1.630575376547305222e+00 1.698069998352045307e+00 1.719055083035352149e+00 1.702705539314066208e+00 1.633337853100459203e+00 1.408267172082768859e+00 1.408267172082768859e+00 1.633337853100459203e+00 1.702705539314066208e+00 1.719055083035351927e+00 1.698069998352045307e+00 1.630575376547305222e+00 1.506964370239037621e+00 1.286940771124830629e+00 8.944181540180307088e-01 -1.127393955748985377e+00
-1.010124732911673373e+00 1.011687376855342713e+00 1.404209993962142633e+00 1.624233593076349180e+00 1.747844599384617226e+00 1.815339221189357310e+00 1.836324305872664153e+00 1.819974762151378211e+00 1.750607075937771206e+00 1.525536394920080863e+00 1.525536394920080863e+00 1.750607075937771206e+00 1.819974762151378211e+00 1.836324305872663931e+00 1.815339221189357310e+00 1.747844599384617226e+00 1.624233593076349624e+00 1.404209993962142633e+00 1.011687376855342713e+00 -1.010124732911673373e+00
-9.296744330887758423e-01 1.092137676678240243e+00 1.484660293785040164e+00 1.704683892899246711e+00 1.828294899207514757e+00 1.895789521012254841e+00 1.916774605695561684e+00 1.900425061974275742e+00 1.831057375760668737e+00 1.605986694742978393e+00 1.605986694742978393e+00 1.831057375760668737e+00 1.900425061974275742e+00 1.916774605695561462e+00 1.895789521012254841e+00 1.828294899207514757e+00 1.704683892899247155e+00 1.484660293785040164e+00 1.092137676678240243e+00 -9.296744330887758423e-01
-6.279289688675500081e-01 1.393883140899466078e+00 1.786405758006265998e+00 2.006429357120472545e+00 2.130040363428740591e+00 2.197534985233480676e+00 2.218520069916787740e+00 2.202170526195501576e+00 2.132802839981894572e+00 1.907732158964204228e+00 1.907732158964204228e+00 2.132802839981894572e+00 2.202170526195501576e+00 2.218520069916787296e+00 2.197534985233480676e+00 2.130040363428740591e+00 2.006429357120472989e+00 1.786405758006265998e+00 1.393883140899466078e+00 -6.279289688675500081e-01
-3.601010839396137087e-01 1.661711025827402377e+00 2.054233642934202297e+00 2.274257242048408845e+00 2.397868248356676890e+00 2.465362870161416975e+00 2.486347954844723596e+00 2.469998411123437876e+00 2.400630724909830871e+00 2.175560043892140527e+00 2.175560043892140527e+00 2.400630724909830871e+00 2.469998411123437876e+00 2.486347954844723596e+00 2.465362870161416975e+00 2.397868248356676890e+00 2.274257242048409289e+00 2.054233642934202297e+00 1.661711025827402377e+00 -3.601010839396137087e-01
-1.893344929407139166e-01 1.832477616826302169e+00 2.225000233933101867e+00 2.445023833047308415e+00 2.568634839355576460e+00 2.636129461160316545e+00 2.657114545843623610e+00 2.640765002122337890e+00 2.571397315908730441e+00 2.346326634891040541e+00 2.346326634891040541e+00 2.571397315908730441e+00 2.640765002122337890e+00 2.657114545843623610e+00 2.636129461160316545e+00 2.568634839355576460e+00 2.445023833047309303e+00 2.225000233933101867e+00 1.832477616826302169e+00 -1.893344929407139166e-01
-5.797383801717570506e-02 1.963838271749840381e+00 2.356360888856640301e+00 2.576384487970846848e+00 2.699995494279114894e+00 2.767490116083854979e+00 2.788475200767162043e+00 2.772125657045875879e+00 2.702757970832268875e+00 2.477687289814578531e+00 2.477687289814578531e+00 2.702757970832268875e+00 2.772125657045875879e+00 2.788475200767161599e+00 2.767490116083854979e+00 2.699995494279114894e+00 2.576384487970847292e+00 2.356360888856640301e+00 1.963838271749840381e+00 -5.797383801717570506e-02
4.096356135703382861e-02 2.062775671124049914e+00 2.455298288230849835e+00 2.675321887345056382e+00 2.798932893653324427e+00 2.866427515458064512e+00 2.887412600141371577e+00 2.871063056420085413e+00 2.801695370206478408e+00 2.576624689188788064e+00 2.576624689188788064e+00 2.801695370206478408e+00 2.871063056420085413e+00 2.887412600141371133e+00 2.866427515458064512e+00 2.798932893653324427e+00 2.675321887345056826e+00 2.455298288230849835e+00 2.062775671124049914e+00 4.096356135703382861e-02
9.952679552091958648e-02 2.121338905287935894e+00 2.513861522394735815e+00 2.733885121508942362e+00 2.857496127817210407e+00 2.924990749621950492e+00 2.945975834305257113e+00 2.929626290583970949e+00 2.860258604370364388e+00 2.635187923352673600e+00 2.635187923352673600e+00 2.860258604370364388e+00 2.929626290583970949e+00 2.945975834305256669e+00 2.924990749621950492e+00 2.857496127817210407e+00 2.733885121508942362e+00 2.513861522394735815e+00 2.121338905287935894e+00 9.952679552091958648e-02
1.255280542565517798e-01 2.147340164023567866e+00 2.539862781130367786e+00 2.759886380244574333e+00 2.883497386552842379e+00 2.950992008357582463e+00 2.971977093040889528e+00 2.955627549319603364e+00 2.886259863105996359e+00 2.661189182088306016e+00 2.661189182088306016e+00 2.886259863105996359e+00 2.955627549319603364e+00 2.971977093040889084e+00 2.950992008357582463e+00 2.883497386552842379e+00 2.759886380244574777e+00 2.539862781130367786e+00 2.147340164023567866e+00 1.255280542565517798e-01
9.944393206102164484e-02 2.121256041828037731e+00 2.513778658934837651e+00 2.733802258049044198e+00 2.857413264357312244e+00 2.924907886162052328e+00 2.945892970845359393e+00 2.929543427124073229e+00 2.860175740910466224e+00 2.635105059892775881e+00 2.635105059892775881e+00 2.860175740910466224e+00 2.929543427124073229e+00 2.945892970845358949e+00 2.924907886162052328e+00 2.857413264357312244e+00 2.733802258049044642e+00 2.513778658934837651e+00 2.121256041828037731e+00 9.944393206102164484e-02
-1.051976960868983291e-02 2.011292340158326475e+00 2.403814957265126395e+00 2.623838556379332942e+00 2.747449562687600988e+00 2.814944184492341073e+00 2.835929269175647693e+00 2.819579725454361530e+00 2.750212039240754969e+00 2.525141358223064181e+00 2.525141358223064181e+00 2.750212039240754969e+00 2.819579725454361530e+00 2.835929269175647249e+00 2.814944184492341073e+00 2.747449562687600988e+00 2.623838556379332942e+00 2.403814957265126395e+00 2.011292340158326475e+00 -1.051976960868983291e-02
-4.966809208884233051e-01 1.525131188878592781e+00 1.917653805985392701e+00 2.137677405099599248e+00 2.261288411407867294e+00 2.328783033212607378e+00 2.349768117895914443e+00 2.333418574174628279e+00 2.264050887961021274e+00 2.038980206943330931e+00 2.038980206943330931e+00 2.264050887961021274e+00 2.333418574174628279e+00 2.349768117895913999e+00 2.328783033212607378e+00 2.261288411407867294e+00 2.137677405099599692e+00 1.917653805985392701e+00 1.525131188878592781e+00 -4.966809208884233051e-01
