  -4.9462725e+00
  -2.8961316e+00
  -2.3605689e+00
  -2.0173070e+00
  -1.7651939e+00
  -1.5657943e+00
  -1.3972341e+00
  -1.2654305e+00
  -1.1432911e+00
  -1.0322170e+00
  -9.4683267e-01
  -8.5271946e-01
  -7.7604874e-01
  -7.0498237e-01
  -6.4399623e-01
  -5.7517060e-01
  -5.1675919e-01
  -4.6268889e-01
  -4.0657918e-01
  -3.6339002e-01
  -3.1775540e-01
  -2.7526633e-01
  -2.2808549e-01
  -1.9996391e-01
  -1.5786824e-01
  -1.1657128e-01
  -8.8542901e-02
  -5.4911030e-02
  -2.1382343e-02
   6.3366057e-03
   2.9952427e-02
   6.1784493e-02
   9.0993895e-02
   1.2157163e-01
   1.3586966e-01
   1.5174358e-01
   1.9632803e-01
   2.0548852e-01
   2.3305440e-01
   2.3763842e-01
   2.6289078e-01
   2.9793176e-01
   2.9968512e-01
   3.2967104e-01
   3.3901448e-01
   3.6655229e-01
   3.7134374e-01
   3.9014767e-01
   4.0847310e-01
   4.1347019e-01
   4.4071181e-01
   4.4800318e-01
   4.7114374e-01
   4.9042374e-01
   4.9768063e-01
   5.1049540e-01
   5.2112745e-01
   5.2211861e-01
   5.4188470e-01
   5.4882918e-01
   5.7925246e-01
   5.7539167e-01
   5.8429389e-01
   5.9793834e-01
   5.9406095e-01
   6.0949065e-01
   6.1812841e-01
   6.4396784e-01
   6.3352847e-01
   6.4561995e-01
   6.6608300e-01
   6.7394944e-01
   6.7876021e-01
   6.8353291e-01
   6.9699406e-01
   6.9606200e-01
   7.1158463e-01
   7.1032383e-01
   7.1677057e-01
   7.2824956e-01
   7.2607119e-01
   7.3223414e-01
   7.3701081e-01
   7.5456943e-01
   7.4552316e-01
   7.5575544e-01
   7.5952043e-01
   7.7781932e-01
   7.6922924e-01
   7.8587215e-01
   7.8322584e-01
   7.7653956e-01
   7.9859027e-01
   8.0792353e-01
   7.9976079e-01
   8.1377517e-01
   7.8560041e-01
   8.1272772e-01
   8.2466355e-01
   8.1244858e-01
   8.3338917e-01
   8.3353168e-01
   8.1811630e-01
   8.3374549e-01
   8.3896221e-01
   8.3602892e-01
   8.4247917e-01
   8.4759722e-01
   8.4399023e-01
   8.5813166e-01
   8.6120386e-01
   8.5281424e-01
   8.5012987e-01
   8.5041973e-01
   8.5893537e-01
   8.4853717e-01
   8.5426826e-01
   8.4759722e-01
   8.8140657e-01
   8.7693129e-01
   8.6619800e-01
   8.6516775e-01
   8.5092718e-01
   8.4832018e-01
   8.5769355e-01
   8.5332291e-01
   8.6597714e-01
   8.4586424e-01
   8.5878920e-01
   8.6113060e-01
   8.7314298e-01
   8.6259677e-01
   8.7269824e-01
   8.7856990e-01
   8.6333066e-01
   8.4161673e-01
   8.6032513e-01
   8.4485472e-01
   8.5477767e-01
   8.7121720e-01
   8.4608070e-01
   8.4889893e-01
   8.4003752e-01
   8.4709146e-01
   8.3574321e-01
   8.4622503e-01
   8.3310421e-01
   8.4032446e-01
   8.3403063e-01
   8.0792353e-01
   8.2170142e-01
   8.2219450e-01
   8.2480482e-01
   8.1391491e-01
   8.0646596e-01
   8.0376466e-01
   7.9783361e-01
   7.9948525e-01
   8.0431818e-01
   7.9385336e-01
   7.9111757e-01
   7.7016520e-01
   7.7620305e-01
   7.8723195e-01
   7.6976397e-01
   7.6735996e-01
   7.5128233e-01
   7.4911875e-01
   7.4168038e-01
   7.3487785e-01
   7.3365185e-01
   7.1981878e-01
   7.1474359e-01
   6.9637259e-01
   6.8728134e-01
   6.9942147e-01
   6.7328141e-01
   6.7382794e-01
   6.6127270e-01
   6.5809857e-01
   6.4261278e-01
   6.3568950e-01
   6.2475725e-01
   6.0880740e-01
   5.9692540e-01
   5.7754084e-01
   5.7709961e-01
   5.4487026e-01
   5.3519962e-01
   5.2562161e-01
   5.0802219e-01
   4.8880700e-01
   4.6634424e-01
   4.3332993e-01
   4.0067723e-01
   3.7170290e-01
   3.2143843e-01
   2.7305096e-01
   1.9328057e-01
   0.0000000e+00
   0.0000000e+00
   1.9328057e-01
   2.7305096e-01
   3.2143843e-01
   3.7170290e-01
   4.0067723e-01
   4.3332993e-01
   4.6634424e-01
   4.8880700e-01
   5.0802219e-01
   5.2562161e-01
   5.3519962e-01
   5.4487026e-01
   5.7709961e-01
   5.7754084e-01
   5.9692540e-01
   6.0880740e-01
   6.2475725e-01
   6.3568950e-01
   6.4261278e-01
   6.5809857e-01
   6.6127270e-01
   6.7382794e-01
   6.7328141e-01
   6.9942147e-01
   6.8728134e-01
   6.9637259e-01
   7.1474359e-01
   7.1981878e-01
   7.3365185e-01
   7.3487785e-01
   7.4168038e-01
   7.4911875e-01
   7.5128233e-01
   7.6735996e-01
   7.6976397e-01
   7.8723195e-01
   7.7620305e-01
   7.7016520e-01
   7.9111757e-01
   7.9385336e-01
   8.0431818e-01
   7.9948525e-01
   7.9783361e-01
   8.0376466e-01
   8.0646596e-01
   8.1391491e-01
   8.2480482e-01
   8.2219450e-01
   8.2170142e-01
   8.0792353e-01
   8.3403063e-01
   8.4032446e-01
   8.3310421e-01
   8.4622503e-01
   8.3574321e-01
   8.4709146e-01
   8.4003752e-01
   8.4889893e-01
   8.4608070e-01
   8.7121720e-01
   8.5477767e-01
   8.4485472e-01
   8.6032513e-01
   8.4161673e-01
   8.6333066e-01
   8.7856990e-01
   8.7269824e-01
   8.6259677e-01
   8.7314298e-01
   8.6113060e-01
   8.5878920e-01
   8.4586424e-01
   8.6597714e-01
   8.5332291e-01
   8.5769355e-01
   8.4832018e-01
   8.5092718e-01
   8.6516775e-01
   8.6619800e-01
   8.7693129e-01
   8.8140657e-01
   8.4759722e-01
   8.5426826e-01
   8.4853717e-01
   8.5893537e-01
   8.5041973e-01
   8.5012987e-01
   8.5281424e-01
   8.6120386e-01
   8.5813166e-01
   8.4399023e-01
   8.4759722e-01
   8.4247917e-01
   8.3602892e-01
   8.3896221e-01
   8.3374549e-01
   8.1811630e-01
   8.3353168e-01
   8.3338917e-01
   8.1244858e-01
   8.2466355e-01
   8.1272772e-01
   7.8560041e-01
   8.1377517e-01
   7.9976079e-01
   8.0792353e-01
   7.9859027e-01
   7.7653956e-01
   7.8322584e-01
   7.8587215e-01
   7.6922924e-01
   7.7781932e-01
   7.5952043e-01
   7.5575544e-01
   7.4552316e-01
   7.5456943e-01
   7.3701081e-01
   7.3223414e-01
   7.2607119e-01
   7.2824956e-01
   7.1677057e-01
   7.1032383e-01
   7.1158463e-01
   6.9606200e-01
   6.9699406e-01
   6.8353291e-01
   6.7876021e-01
   6.7394944e-01
   6.6608300e-01
   6.4561995e-01
   6.3352847e-01
   6.4396784e-01
   6.1812841e-01
   6.0949065e-01
   5.9406095e-01
   5.9793834e-01
   5.8429389e-01
   5.7539167e-01
   5.7925246e-01
   5.4882918e-01
   5.4188470e-01
   5.2211861e-01
   5.2112745e-01
   5.1049540e-01
   4.9768063e-01
   4.9042374e-01
   4.7114374e-01
   4.4800318e-01
   4.4071181e-01
   4.1347019e-01
   4.0847310e-01
   3.9014767e-01
   3.7134374e-01
   3.6655229e-01
   3.3901448e-01
   3.2967104e-01
   2.9968512e-01
   2.9793176e-01
   2.6289078e-01
   2.3763842e-01
   2.3305440e-01
   2.0548852e-01
   1.9632803e-01
   1.5174358e-01
   1.3586966e-01
   1.2157163e-01
   9.0993895e-02
   6.1784493e-02
   2.9952427e-02
   6.3366057e-03
  -2.1382343e-02
  -5.4911030e-02
  -8.8542901e-02
  -1.1657128e-01
  -1.5786824e-01
  -1.9996391e-01
  -2.2808549e-01
  -2.7526633e-01
  -3.1775540e-01
  -3.6339002e-01
  -4.0657918e-01
  -4.6268889e-01
  -5.1675919e-01
  -5.7517060e-01
  -6.4399623e-01
  -7.0498237e-01
  -7.7604874e-01
  -8.5271946e-01
  -9.4683267e-01
  -1.0322170e+00
  -1.1432911e+00
  -1.2654305e+00
  -1.3972341e+00
  -1.5657943e+00
  -1.7651939e+00
  -2.0173070e+00
  -2.3605689e+00
  -2.8961316e+00
  -4.9462725e+00
