  -5.6760926e+00
  -3.4753783e+00
  -2.9366005e+00
  -2.5977066e+00
  -2.3498438e+00
  -2.1499722e+00
  -1.9890027e+00
  -1.8551820e+00
  -1.7293918e+00
  -1.6245053e+00
  -1.5324243e+00
  -1.4404647e+00
  -1.3701804e+00
  -1.2938778e+00
  -1.2270789e+00
  -1.1696356e+00
  -1.1155803e+00
  -1.0576923e+00
  -1.0124994e+00
  -9.6631468e-01
  -9.2027411e-01
  -8.8507168e-01
  -8.4386395e-01
  -8.0671431e-01
  -7.7856458e-01
  -7.4052667e-01
  -7.0586293e-01
  -6.7549255e-01
  -6.4342658e-01
  -6.1545936e-01
  -5.8868059e-01
  -5.6422179e-01
  -5.3258759e-01
  -5.2006772e-01
  -4.9209959e-01
  -4.6395241e-01
  -4.3391619e-01
  -4.1667659e-01
  -3.9816330e-01
  -3.8164986e-01
  -3.5723249e-01
  -3.4513813e-01
  -3.2945381e-01
  -3.0797401e-01
  -2.9346839e-01
  -2.8416389e-01
  -2.6016816e-01
  -2.3910140e-01
  -2.2809930e-01
  -2.2908271e-01
  -1.9937358e-01
  -1.8872211e-01
  -1.7681990e-01
  -1.6956926e-01
  -1.5519232e-01
  -1.4078900e-01
  -1.3179272e-01
  -1.0737224e-01
  -1.0737224e-01
  -1.1099396e-01
  -9.0745003e-02
  -7.2407590e-02
  -6.8051877e-02
  -6.0163460e-02
  -4.6732385e-02
  -3.9282163e-02
  -3.3643268e-02
  -2.8089647e-02
  -1.1837295e-02
  -4.4216583e-03
  -5.5914771e-03
   1.0607124e-02
   1.0759473e-02
   2.6979532e-02
   2.5277614e-02
   2.7971073e-02
   3.8880725e-02
   4.0260685e-02
   4.7157589e-02
   5.0734958e-02
   6.0391018e-02
   6.9236222e-02
   6.5109447e-02
   7.0885240e-02
   8.3520552e-02
   8.4274588e-02
   8.9041433e-02
   1.0050876e-01
   9.6815593e-02
   1.0187637e-01
   1.0786912e-01
   1.0154263e-01
   1.1045810e-01
   1.1575778e-01
   1.1052543e-01
   1.0602395e-01
   1.1633332e-01
   1.1305379e-01
   1.1667202e-01
   1.1210912e-01
   1.2873679e-01
   1.1762101e-01
   1.0796986e-01
   1.2057543e-01
   1.0770124e-01
   1.1569009e-01
   1.2323165e-01
   1.2579239e-01
   1.1819763e-01
   1.1684142e-01
   1.1707862e-01
   1.2043940e-01
   1.1281754e-01
   1.2743470e-01
   1.1086218e-01
   1.2333396e-01
   1.1711251e-01
   1.1318882e-01
   1.1528405e-01
   1.1460769e-01
   1.1366155e-01
   1.1762101e-01
   1.0659391e-01
   1.0401490e-01
   1.0428254e-01
   1.0114230e-01
   9.7912139e-02
   8.9634768e-02
   8.8185015e-02
   8.4701035e-02
   8.1490759e-02
   7.2536982e-02
   6.8784025e-02
   6.8590289e-02
   6.2891901e-02
   6.1576555e-02
   6.1672741e-02
   6.6268382e-02
   8.8580194e-02
   7.5393477e-02
   7.4776043e-02
   9.2176905e-02
   9.4924387e-02
   9.0129483e-02
   9.6882016e-02
   1.0478456e-01
   9.5554391e-02
   1.0609098e-01
   1.1062644e-01
   1.0965042e-01
   1.1762101e-01
   1.1055910e-01
   1.1504727e-01
   1.2067746e-01
   1.1548705e-01
   1.1969158e-01
   1.2966298e-01
   1.1430348e-01
   1.3441032e-01
   1.4512266e-01
   1.3285980e-01
   1.3710360e-01
   1.2671586e-01
   1.3113981e-01
   1.4046308e-01
   1.5096031e-01
   1.3199943e-01
   1.3727649e-01
   1.3396214e-01
   1.3938820e-01
   1.3399661e-01
   1.4994414e-01
   1.4875408e-01
   1.5693803e-01
   1.4355545e-01
   1.3769156e-01
   1.3110544e-01
   1.4934893e-01
   1.4317273e-01
   1.4885903e-01
   1.4091418e-01
   1.3769156e-01
   1.3306639e-01
   1.3921494e-01
   1.3703445e-01
   1.3258440e-01
   1.2428929e-01
   1.1819763e-01
   1.2757168e-01
   1.1843515e-01
   1.1305379e-01
   1.2149409e-01
   9.0195464e-02
   9.7878893e-02
   8.3356706e-02
   7.8323358e-02
   6.5173797e-02
   5.1369455e-02
   3.2009349e-02
   0.0000000e+00
   6.0807398e-02
   1.3976948e-01
   1.7286443e-01
   2.0169283e-01
   2.2641218e-01
   2.6940090e-01
   2.7704708e-01
   2.9733501e-01
   3.1419716e-01
   3.3227270e-01
   3.5110916e-01
   3.7039458e-01
   3.7982592e-01
   3.8668087e-01
   4.1248353e-01
   4.1344027e-01
   4.2929065e-01
   4.3086640e-01
   4.5068109e-01
   4.6507188e-01
   4.5975845e-01
   4.9281089e-01
   4.7806692e-01
   4.9627110e-01
   5.1440935e-01
   5.1199195e-01
   5.2980561e-01
   5.3504230e-01
   5.5547929e-01
   5.4160105e-01
   5.6349706e-01
   5.6265005e-01
   5.8193741e-01
   5.8199136e-01
   5.8593742e-01
   6.0298049e-01
   6.0083415e-01
   6.1289116e-01
   6.1439462e-01
   6.3295533e-01
   6.2015092e-01
   6.2441963e-01
   6.3420505e-01
   6.3193400e-01
   6.5644799e-01
   6.5395198e-01
   6.6099160e-01
   6.7777101e-01
   6.6052463e-01
   6.7759291e-01
   6.9115953e-01
   6.8917582e-01
   7.0772293e-01
   7.0277982e-01
   7.0882472e-01
   7.0637794e-01
   7.2711942e-01
   7.3256085e-01
   7.0955993e-01
   7.3331372e-01
   7.4804543e-01
   7.3469545e-01
   7.4728139e-01
   7.4804543e-01
   7.2749374e-01
   7.5066032e-01
   7.5066032e-01
   7.7771698e-01
   7.5989885e-01
   7.6248033e-01
   7.7601251e-01
   7.7588152e-01
   7.7085129e-01
   7.7163356e-01
   7.7333058e-01
   8.0135215e-01
   7.9298950e-01
   7.9732935e-01
   7.8853574e-01
   7.7929292e-01
   7.9085986e-01
   8.0593098e-01
   7.9026171e-01
   7.9258985e-01
   8.0437991e-01
   8.0054630e-01
   7.9605883e-01
   8.0559358e-01
   8.0978533e-01
   8.1856358e-01
   8.1467531e-01
   8.1351857e-01
   8.0633600e-01
   8.1460723e-01
   8.1358658e-01
   8.2679916e-01
   8.3426963e-01
   8.1338258e-01
   8.2109566e-01
   8.1460723e-01
   8.2034221e-01
   8.0215866e-01
   8.0108346e-01
   8.2783340e-01
   8.1270286e-01
   8.0586349e-01
   8.0775487e-01
   8.2817838e-01
   8.1188781e-01
   8.1603790e-01
   8.0633600e-01
   8.0552612e-01
   8.1188781e-01
   8.1419885e-01
   8.0330232e-01
   8.1080210e-01
   8.1931569e-01
   8.0081484e-01
   8.0431253e-01
   8.0162092e-01
   7.9893653e-01
   8.0061343e-01
   7.8886743e-01
   8.0883727e-01
   7.9179102e-01
   7.9679420e-01
   7.9185756e-01
   7.8357361e-01
   7.5738831e-01
   7.7955582e-01
   7.7078613e-01
   7.8205681e-01
   7.4626358e-01
   7.8396968e-01
   7.6209268e-01
   7.5046875e-01
   7.5117133e-01
   7.4772701e-01
   7.3061855e-01
   7.3639383e-01
   7.3544993e-01
   7.3061855e-01
   7.3293721e-01
   7.2214181e-01
   7.1361324e-01
   7.0778411e-01
   6.9713438e-01
   6.9525962e-01
   7.0028704e-01
   6.7901859e-01
   6.5906678e-01
   6.5192493e-01
   6.5737833e-01
   6.5598314e-01
   6.3916247e-01
   6.2351944e-01
   6.2312586e-01
   6.0474504e-01
   5.9754107e-01
   5.8350308e-01
   5.7607450e-01
   5.6641414e-01
   5.5301307e-01
   5.4742106e-01
   5.2775947e-01
   5.0662408e-01
   5.0427532e-01
   4.8734841e-01
   4.7787244e-01
   4.6296228e-01
   4.4267049e-01
   4.3598150e-01
   4.1499123e-01
   3.9121764e-01
   3.6135418e-01
   3.4841472e-01
   3.3783576e-01
   3.0601707e-01
   2.8175090e-01
   2.5490392e-01
   2.2826638e-01
   2.0032910e-01
   1.8374546e-01
   1.5085514e-01
   1.0150927e-01
   6.6365020e-02
   3.6439104e-02
  -7.5381392e-03
  -6.6106762e-02
  -1.1594580e-01
  -1.8135642e-01
  -2.4315186e-01
  -3.1850854e-01
  -4.0763326e-01
  -4.9073488e-01
  -6.2458918e-01
  -7.7095195e-01
  -9.6724332e-01
  -1.2803710e+00
  -1.8719830e+00
