  -6.0620974e+00
  -3.7109315e+00
  -3.1706960e+00
  -2.8353268e+00
  -2.5852564e+00
  -2.3926104e+00
  -2.2317392e+00
  -2.0960526e+00
  -1.9789425e+00
  -1.8761160e+00
  -1.7830964e+00
  -1.6983856e+00
  -1.6290999e+00
  -1.5588378e+00
  -1.4932594e+00
  -1.4364892e+00
  -1.3802516e+00
  -1.3262411e+00
  -1.2793514e+00
  -1.2368092e+00
  -1.1893943e+00
  -1.1550261e+00
  -1.1106946e+00
  -1.0811162e+00
  -1.0490797e+00
  -1.0106959e+00
  -9.8565043e-01
  -9.5428345e-01
  -9.2076124e-01
  -8.9526973e-01
  -8.7405252e-01
  -8.3836375e-01
  -8.3278343e-01
  -8.0014347e-01
  -7.8152767e-01
  -7.5226321e-01
  -7.4119853e-01
  -7.2283173e-01
  -6.9968532e-01
  -6.8825726e-01
  -6.6635873e-01
  -6.4224586e-01
  -6.2961988e-01
  -6.1266893e-01
  -5.9495052e-01
  -5.8304415e-01
  -5.7656902e-01
  -5.6519883e-01
  -5.4903773e-01
  -5.3585307e-01
  -5.2425443e-01
  -5.1056988e-01
  -5.0234572e-01
  -4.8975353e-01
  -4.8288311e-01
  -4.6687530e-01
  -4.6469466e-01
  -4.4483405e-01
  -4.3676725e-01
  -4.3066061e-01
  -4.2402546e-01
  -4.1204007e-01
  -4.0857329e-01
  -3.8972116e-01
  -3.9178965e-01
  -3.8530664e-01
  -3.7720052e-01
  -3.8350885e-01
  -3.6935479e-01
  -3.6189228e-01
  -3.5778056e-01
  -3.5466615e-01
  -3.4931007e-01
  -3.4642469e-01
  -3.4173540e-01
  -3.3769842e-01
  -3.3416261e-01
  -3.2843513e-01
  -3.3065418e-01
  -3.2655208e-01
  -3.2959525e-01
  -3.2269480e-01
  -3.2331860e-01
  -3.2737385e-01
  -3.2319789e-01
  -3.2239282e-01
  -3.1659734e-01
  -3.2259415e-01
  -3.1556396e-01
  -3.1239638e-01
  -3.2221159e-01
  -3.2168785e-01
  -3.1590854e-01
  -3.1052360e-01
  -3.2011498e-01
  -3.2347951e-01
  -3.1111431e-01
  -3.2877531e-01
  -3.2134526e-01
  -3.3093371e-01
  -3.3793635e-01
  -3.3093371e-01
  -3.3398350e-01
  -3.3815439e-01
  -3.3342606e-01
  -3.3420240e-01
  -3.3971895e-01
  -3.3372473e-01
  -3.2811486e-01
  -3.3356545e-01
  -3.3960021e-01
  -3.3424220e-01
  -3.3430189e-01
  -3.3855071e-01
  -3.4218952e-01
  -3.2589017e-01
  -3.3420240e-01
  -3.3288824e-01
  -3.3971895e-01
  -3.3706369e-01
  -3.3372473e-01
  -3.3073405e-01
  -3.3591221e-01
  -3.3682556e-01
  -3.3521671e-01
  -3.3862996e-01
  -3.3244980e-01
  -3.3328665e-01
  -3.3926370e-01
  -3.4563811e-01
  -3.4311688e-01
  -3.4766230e-01
  -3.4887878e-01
  -3.5218715e-01
  -3.4577581e-01
  -3.3362518e-01
  -3.3059427e-01
  -3.1306728e-01
  -3.1343304e-01
  -2.9863554e-01
  -2.9101882e-01
  -2.8635399e-01
  -2.7998814e-01
  -2.7584116e-01
  -2.6019392e-01
  -2.6164990e-01
  -2.4325242e-01
  -2.4255480e-01
  -2.3658332e-01
  -2.3273661e-01
  -2.2701619e-01
  -2.1885397e-01
  -2.1228937e-01
  -2.0432282e-01
  -2.0282625e-01
  -1.9054272e-01
  -1.9370793e-01
  -1.7754801e-01
  -1.8052254e-01
  -1.7673312e-01
  -1.6513655e-01
  -1.5576148e-01
  -1.4211086e-01
  -1.4550498e-01
  -1.4596146e-01
  -1.2878461e-01
  -1.3280847e-01
  -1.3171266e-01
  -1.1985006e-01
  -1.0739580e-01
  -1.1465897e-01
  -9.9148588e-02
  -1.0592181e-01
  -1.0487121e-01
  -8.1294826e-02
  -9.2633249e-02
  -8.2268087e-02
  -7.4274727e-02
  -6.4915417e-02
  -7.1665007e-02
  -6.3507847e-02
  -6.2829421e-02
  -5.4362680e-02
  -4.5239373e-02
  -4.5372191e-02
  -4.3697394e-02
  -4.5239373e-02
  -3.3938611e-02
  -3.9885428e-02
  -3.3266703e-02
  -3.4985886e-02
  -2.1040091e-02
  -2.8469626e-02
  -2.2563030e-02
  -2.3187852e-02
  -1.4432017e-02
  -1.4733333e-02
  -5.0182397e-03
  -1.3692037e-02
   0.0000000e+00
   5.4754606e-02
   9.8902148e-02
   1.3038363e-01
   1.5711521e-01
   1.7931313e-01
   2.1179153e-01
   2.3023546e-01
   2.3546271e-01
   2.6219751e-01
   2.8086783e-01
   2.9435651e-01
   3.1303457e-01
   3.2012977e-01
   3.4564195e-01
   3.6303232e-01
   3.6107619e-01
   3.7695496e-01
   3.9920314e-01
   4.1865697e-01
   4.2880503e-01
   4.2514156e-01
   4.3901402e-01
   4.5957402e-01
   4.6624174e-01
   4.9068407e-01
   4.8222994e-01
   5.1834918e-01
   5.1438970e-01
   5.3008640e-01
   5.3301868e-01
   5.4454700e-01
   5.4857985e-01
   5.7223749e-01
   5.7253309e-01
   5.7722504e-01
   5.8268546e-01
   5.9838799e-01
   6.1254446e-01
   6.1655269e-01
   6.2752872e-01
   6.3910044e-01
   6.4639473e-01
   6.6200668e-01
   6.6881936e-01
   6.8583615e-01
   6.8214560e-01
   6.8286062e-01
   6.9192496e-01
   7.0455224e-01
   7.1512238e-01
   7.1722711e-01
   7.3029544e-01
   7.3689422e-01
   7.4114273e-01
   7.4482382e-01
   7.4892988e-01
   7.6618242e-01
   7.6325644e-01
   7.6815782e-01
   7.7658196e-01
   7.7718641e-01
   8.0247476e-01
   7.9974997e-01
   8.0944430e-01
   8.1432694e-01
   8.2759225e-01
   8.2733792e-01
   8.4052043e-01
   8.4510448e-01
   8.4361720e-01
   8.3192567e-01
   8.4549283e-01
   8.4523391e-01
   8.4944964e-01
   8.6424726e-01
   8.8632292e-01
   8.8389818e-01
   8.6874284e-01
   8.9329300e-01
   8.9621728e-01
   8.9383641e-01
   9.0682982e-01
   9.0875899e-01
   9.0394302e-01
   9.1915770e-01
   9.1860036e-01
   9.2313773e-01
   9.2966568e-01
   9.2594023e-01
   9.3347574e-01
   9.3178059e-01
   9.4520838e-01
   9.4771491e-01
   9.5375636e-01
   9.5896395e-01
   9.5925406e-01
   9.6135986e-01
   9.7615216e-01
   9.7940347e-01
   9.6237804e-01
   9.7232327e-01
   9.7541469e-01
   9.8586349e-01
   9.5433364e-01
   9.9454228e-01
   9.9386623e-01
   9.8051430e-01
   9.8229418e-01
   1.0027666e+00
   1.0039037e+00
   9.9823107e-01
   1.0152696e+00
   1.0023121e+00
   1.0042830e+00
   1.0242860e+00
   1.0137364e+00
   1.0158835e+00
   9.9710041e-01
   1.0138130e+00
   1.0145027e+00
   1.0195750e+00
   1.0128177e+00
   1.0039037e+00
   1.0309656e+00
   1.0247505e+00
   1.0182660e+00
   1.0351827e+00
   1.0289415e+00
   1.0233574e+00
   1.0294082e+00
   1.0255253e+00
   1.0340877e+00
   1.0259905e+00
   1.0163442e+00
   1.0245956e+00
   1.0297195e+00
   1.0205771e+00
   1.0297195e+00
   1.0270767e+00
   1.0235121e+00
   1.0148094e+00
   1.0099901e+00
   1.0186508e+00
   1.0197291e+00
   1.0228935e+00
   1.0125881e+00
   1.0227389e+00
   1.0128942e+00
   1.0144261e+00
   1.0001184e+00
   9.9116656e-01
   9.9883462e-01
   1.0060297e+00
   9.9845736e-01
   9.9266548e-01
   9.7122151e-01
   9.8810080e-01
   9.7313201e-01
   9.7821995e-01
   9.6814300e-01
   9.7092791e-01
   9.5520019e-01
   9.4929367e-01
   9.3850747e-01
   9.2938403e-01
   9.3687470e-01
   9.2657188e-01
   9.1269777e-01
   8.9744394e-01
   9.0263982e-01
   8.7166255e-01
   8.7345842e-01
   8.7652550e-01
   8.6444517e-01
   8.4743684e-01
   8.3743321e-01
   8.2131667e-01
   8.2581334e-01
   7.9057757e-01
   7.8861858e-01
   7.8124567e-01
   7.5476596e-01
   7.4260186e-01
   7.1205855e-01
   6.7600658e-01
   6.7940031e-01
   6.3410975e-01
   6.0742910e-01
   5.8777555e-01
   5.3809953e-01
   5.0237477e-01
   4.6380795e-01
   4.4199336e-01
   3.8117797e-01
   3.0852143e-01
   2.4817063e-01
   1.5150442e-01
   2.8417089e-02
  -1.2405728e-01
  -2.0658608e-01
