-4.472388030746651921e+00
-2.422350892733229344e+00
-1.887493132139928420e+00
-1.545649582250293363e+00
-1.297462663049909537e+00
-1.095649434083000529e+00
-9.327302541201252239e-01
-7.949210482787751886e-01
-6.665776704055055291e-01
-5.643026266758806031e-01
-4.634315041077421427e-01
-3.830917466216181566e-01
-2.898484763434012734e-01
-2.271704101370755069e-01
-1.554287892578560815e-01
-9.127618575969620451e-02
-3.332909161419372879e-02
1.544150327509363763e-02
6.535458491550905080e-02
1.228458143115460643e-01
1.540935160681673466e-01
1.964996953225472964e-01
2.397060129546577656e-01
2.899236678932872735e-01
3.103970492565260031e-01
3.487329563211094552e-01
3.940403756233941124e-01
4.224145676053598919e-01
4.509214773720202629e-01
4.807634412971459881e-01
5.023421400132050962e-01
5.429279854081716650e-01
5.685910893340722083e-01
5.860270060605241582e-01
6.161129190168708192e-01
6.354960239630536023e-01
6.505978431185361899e-01
6.877701312778796705e-01
7.095480292043987447e-01
7.161118731499964696e-01
7.441036243513394766e-01
7.649611896663159882e-01
7.816630392842469632e-01
7.941192440606563707e-01
8.212139121974217915e-01
8.316497084540657170e-01
8.482077820656357403e-01
8.699077123561096414e-01
8.747483275752525600e-01
8.947256547278179539e-01
9.050088871512915745e-01
9.373939143310234812e-01
9.455451265617291767e-01
9.525137958778238101e-01
9.740732101762681339e-01
9.737160035284269100e-01
9.965773856819328813e-01
9.943873754208780724e-01
1.002861115841245265e+00
1.020829003495773435e+00
1.041306797161574593e+00
1.032015524365863968e+00
1.060486222215011765e+00
1.056210694449248422e+00
1.094328292853134599e+00
1.090995339532168984e+00
1.108472636249048904e+00
1.099464351695210951e+00
1.121813611642606290e+00
1.126736370019601807e+00
1.127450103470467369e+00
1.139300852648036155e+00
1.151842291150678932e+00
1.167325520096232694e+00
1.162014570788246104e+00
1.169991609656355180e+00
1.175282791971971719e+00
1.185949894436708618e+00
1.193167399652105942e+00
1.191643589833439876e+00
1.210342905179922823e+00
1.223813970831912457e+00
1.208599112959699795e+00
1.225059586753284080e+00
1.232433862994115614e+00
1.211442410513340562e+00
1.245739008712559936e+00
1.247481753305395458e+00
1.241728844268831011e+00
1.255429528690511276e+00
1.272892455405942869e+00
1.262419005114313819e+00
1.267607792614519724e+00
1.263168349473094310e+00
1.278828010136242810e+00
1.282503592484363963e+00
1.296990006985001997e+00
1.298047946922164186e+00
1.292278158892003148e+00
1.287588408232398507e+00
1.310759832048596252e+00
1.294174293453574265e+00
1.285565316398628255e+00
1.320599391449956528e+00
1.295229257155172675e+00
1.321682619575373252e+00
1.320815943224722844e+00
1.317284789769942677e+00
1.330828360902724938e+00
1.318364431433815653e+00
1.332945227272254840e+00
1.322984044095694145e+00
1.318796614686238655e+00
1.313909440951492869e+00
1.342637644731018653e+00
1.331849736930818651e+00
1.335945705208498424e+00
1.342342550667645185e+00
1.335725852508920397e+00
1.325882176829880521e+00
1.346037500186270108e+00
1.345741401287074979e+00
1.326390214725918781e+00
1.345593384708948292e+00
1.342195036284724807e+00
1.333310657570493163e+00
1.330172312477401420e+00
1.331776746893925889e+00
1.332872157234591626e+00
1.346185582520318391e+00
1.340058519466559517e+00
1.323345851690364228e+00
1.325519450575406211e+00
1.328861505415259714e+00
1.325809621052595588e+00
1.329516694169452506e+00
1.340721088048239196e+00
1.334700511859548300e+00
1.319589436090700119e+00
1.330682535164223523e+00
1.321754876521104904e+00
1.330390947467158469e+00
1.319805769244599247e+00
1.337632850299693033e+00
1.299742982288099924e+00
1.309046035570862188e+00
1.297483573009476032e+00
1.299248300111305099e+00
1.310759832048596252e+00
1.308332819650178891e+00
1.299813671151099470e+00
1.306196218880101512e+00
1.284033282672787379e+00
1.277582766115076041e+00
1.288496641780700003e+00
1.271723307031646044e+00
1.285077596479537121e+00
1.293752619401363546e+00
1.283059572761386491e+00
1.273925193285606383e+00
1.258273710197439499e+00
1.260242281582922175e+00
1.254010465709530564e+00
1.239996088087204740e+00
1.243063779722714202e+00
1.236738647945745839e+00
1.213450508354128488e+00
1.233293338766833003e+00
1.211442410513340562e+00
1.218651404227793833e+00
1.199861505169710796e+00
1.209696701603316882e+00
1.188033820548454855e+00
1.180100269302876370e+00
1.180476633627980831e+00
1.171420580729870764e+00
1.169184832686415376e+00
1.160168530020314392e+00
1.136415021269927550e+00
1.132460552365911255e+00
1.121340406854407945e+00
1.117386082936400626e+00
1.105848957514604436e+00
1.079643573355118846e+00
1.074833831447461918e+00
1.049528724644593680e+00
1.041470574970048801e+00
1.020454701964787603e+00
1.018692022235901717e+00
9.747369326625339170e-01
9.787798234587938850e-01
9.552648292497121219e-01
9.240030388369664394e-01
8.962354450594336441e-01
8.726709083668051647e-01
8.433592877190143611e-01
8.011356157900237918e-01
7.432118529099938087e-01
6.741784652469551276e-01
4.859814693532094054e-01
4.859814693532094054e-01
6.741784652469551276e-01
7.432118529099938087e-01
8.011356157900237918e-01
8.433592877190143611e-01
8.726709083668051647e-01
8.962354450594336441e-01
9.240030388369664394e-01
9.552648292497121219e-01
9.787798234587938850e-01
9.747369326625339170e-01
1.018692022235901717e+00
1.020454701964787603e+00
1.041470574970048801e+00
1.049528724644593680e+00
1.074833831447461918e+00
1.079643573355118846e+00
1.105848957514604436e+00
1.117386082936400626e+00
1.121340406854407945e+00
1.132460552365911255e+00
1.136415021269927550e+00
1.160168530020314392e+00
1.169184832686415376e+00
1.171420580729870764e+00
1.180476633627980831e+00
1.180100269302876370e+00
1.188033820548454855e+00
1.209696701603316882e+00
1.199861505169710796e+00
1.218651404227793833e+00
1.211442410513340562e+00
1.233293338766833003e+00
1.213450508354128488e+00
1.236738647945745839e+00
1.243063779722714202e+00
1.239996088087204740e+00
1.254010465709530564e+00
1.260242281582922175e+00
1.258273710197439499e+00
1.273925193285606383e+00
1.283059572761386491e+00
1.293752619401363546e+00
1.285077596479537121e+00
1.271723307031646044e+00
1.288496641780700003e+00
1.277582766115076041e+00
1.284033282672787379e+00
1.306196218880101512e+00
1.299813671151099470e+00
1.308332819650178891e+00
1.310759832048596252e+00
1.299248300111305099e+00
1.297483573009476032e+00
1.309046035570862188e+00
1.299742982288099924e+00
1.337632850299693033e+00
1.319805769244599247e+00
1.330390947467158469e+00
1.321754876521104904e+00
1.330682535164223523e+00
1.319589436090700119e+00
1.334700511859548300e+00
1.340721088048239196e+00
1.329516694169452506e+00
1.325809621052595588e+00
1.328861505415259714e+00
1.325519450575406211e+00
1.323345851690364228e+00
1.340058519466559517e+00
1.346185582520318391e+00
1.332872157234591626e+00
1.331776746893925889e+00
1.330172312477401420e+00
1.333310657570493163e+00
1.342195036284724807e+00
1.345593384708948292e+00
1.326390214725918781e+00
1.345741401287074979e+00
1.346037500186270108e+00
1.325882176829880521e+00
1.335725852508920397e+00
1.342342550667645185e+00
1.335945705208498424e+00
1.331849736930818651e+00
1.342637644731018653e+00
1.313909440951492869e+00
1.318796614686238655e+00
1.322984044095694145e+00
1.332945227272254840e+00
1.318364431433815653e+00
1.330828360902724938e+00
1.317284789769942677e+00
1.320815943224722844e+00
1.321682619575373252e+00
1.295229257155172675e+00
1.320599391449956528e+00
1.285565316398628255e+00
1.294174293453574265e+00
1.310759832048596252e+00
1.287588408232398507e+00
1.292278158892003148e+00
1.298047946922164186e+00
1.296990006985001997e+00
1.282503592484363963e+00
1.278828010136242810e+00
1.263168349473094310e+00
1.267607792614519724e+00
1.262419005114313819e+00
1.272892455405942869e+00
1.255429528690511276e+00
1.241728844268831011e+00
1.247481753305395458e+00
1.245739008712559936e+00
1.211442410513340562e+00
1.232433862994115614e+00
1.225059586753284080e+00
1.208599112959699795e+00
1.223813970831912457e+00
1.210342905179922823e+00
1.191643589833439876e+00
1.193167399652105942e+00
1.185949894436708618e+00
1.175282791971971719e+00
1.169991609656355180e+00
1.162014570788246104e+00
1.167325520096232694e+00
1.151842291150678932e+00
1.139300852648036155e+00
1.127450103470467369e+00
1.126736370019601807e+00
1.121813611642606290e+00
1.099464351695210951e+00
1.108472636249048904e+00
1.090995339532168984e+00
1.094328292853134599e+00
1.056210694449248422e+00
1.060486222215011765e+00
1.032015524365863968e+00
1.041306797161574593e+00
1.020829003495773435e+00
1.002861115841245265e+00
9.943873754208780724e-01
9.965773856819328813e-01
9.737160035284269100e-01
9.740732101762681339e-01
9.525137958778238101e-01
9.455451265617291767e-01
9.373939143310234812e-01
9.050088871512915745e-01
8.947256547278179539e-01
8.747483275752525600e-01
8.699077123561096414e-01
8.482077820656357403e-01
8.316497084540657170e-01
8.212139121974217915e-01
7.941192440606563707e-01
7.816630392842469632e-01
7.649611896663159882e-01
7.441036243513394766e-01
7.161118731499964696e-01
7.095480292043987447e-01
6.877701312778796705e-01
6.505978431185361899e-01
6.354960239630536023e-01
6.161129190168708192e-01
5.860270060605241582e-01
5.685910893340722083e-01
5.429279854081716650e-01
5.023421400132050962e-01
4.807634412971459881e-01
4.509214773720202629e-01
4.224145676053598919e-01
3.940403756233941124e-01
3.487329563211094552e-01
3.103970492565260031e-01
2.899236678932872735e-01
2.397060129546577656e-01
1.964996953225472964e-01
1.540935160681673466e-01
1.228458143115460643e-01
6.535458491550905080e-02
1.544150327509363763e-02
-3.332909161419372879e-02
-9.127618575969620451e-02
-1.554287892578560815e-01
-2.271704101370755069e-01
-2.898484763434012734e-01
-3.830917466216181566e-01
-4.634315041077421427e-01
-5.643026266758806031e-01
-6.665776704055055291e-01
-7.949210482787751886e-01
-9.327302541201252239e-01
-1.095649434083000529e+00
-1.297462663049909537e+00
-1.545649582250293363e+00
-1.887493132139928420e+00
-2.422350892733229344e+00
-4.472388030746651921e+00
