-4.916143352776833453e+00
-2.826083279569358453e+00
-2.292803407919379310e+00
-1.956590058114578312e+00
-1.711488957831443614e+00
-1.513195698420801705e+00
-1.355551608285360032e+00
-1.223434196937594365e+00
-1.095982166259840795e+00
-9.958410106321640143e-01
-8.997872962550754750e-01
-8.179014163934166248e-01
-7.362832954370794880e-01
-6.630487327359126937e-01
-6.057029826441233666e-01
-5.431843859537579533e-01
-4.831542791550873517e-01
-4.333526115950547819e-01
-3.791758882851947732e-01
-3.320625281325124689e-01
-2.887365163303847737e-01
-2.431971275122357667e-01
-2.043113330188734977e-01
-1.715133580773517963e-01
-1.378122168079976007e-01
-1.015452467666673186e-01
-6.109509935981094486e-02
-3.550226984249604811e-02
-4.947739723933253231e-03
1.148570894309308699e-02
4.870716761374183079e-02
8.771708048523052526e-02
1.054938578808393146e-01
1.367135933158483141e-01
1.498930895746166669e-01
1.792702168702398069e-01
1.905553617210582473e-01
2.140847068258633357e-01
2.448269461453680407e-01
2.680363202049456106e-01
2.834510359239654775e-01
2.972476773214811629e-01
3.146011618030453150e-01
3.327352279443047678e-01
3.448593099983057186e-01
3.653985988950818609e-01
3.846042174408346170e-01
4.020011146670015023e-01
4.104675997309552571e-01
4.270360980363072656e-01
4.383499354439415185e-01
4.589291779774882230e-01
4.729519713379097823e-01
4.810403099632978297e-01
5.019649953337950166e-01
5.187569940922713840e-01
5.260746345287294901e-01
5.299744648269744118e-01
5.551955715019314397e-01
5.520991090817659597e-01
5.616628818030484638e-01
5.713190041949527398e-01
5.916019337932780786e-01
6.059058300162600830e-01
6.111985979127787516e-01
6.173720274963869770e-01
6.297217787098468023e-01
6.311869804371745829e-01
6.476385853291795058e-01
6.427202613670228715e-01
6.654931037781288694e-01
6.711117536993338462e-01
6.858935518486379834e-01
6.831176449227669423e-01
6.937073374185089847e-01
7.027935576117503302e-01
7.070432857520572156e-01
7.074895422758213925e-01
7.271177001310995536e-01
7.284842448496302580e-01
7.241013558818512053e-01
7.615116780866006962e-01
7.422113822742364420e-01
7.586461627926404105e-01
7.541293662947392562e-01
7.827218399527406945e-01
7.791408937269217461e-01
7.825031220760561013e-01
7.720605262029227589e-01
7.824156483181283761e-01
7.897461905491987011e-01
7.901427798861444529e-01
8.000644629060236213e-01
8.032299395901407735e-01
8.068535371757796781e-01
8.161739405393824143e-01
8.226637860955303694e-01
8.220265534840720534e-01
8.202081231971103392e-01
8.267242885151127041e-01
8.325471884412962709e-01
8.293335230182581341e-01
8.318576758993252440e-01
8.355867044591924753e-01
8.386817525471723656e-01
8.306177501360050286e-01
8.414151972290486725e-01
8.572202582971666374e-01
8.550545324035816463e-01
8.508307604023688242e-01
8.374795514498654114e-01
8.508775933259222768e-01
8.637457212103889503e-01
8.505966286787920438e-01
8.481649028265554335e-01
8.555719968394495112e-01
8.498945622344731277e-01
8.513460432337733863e-01
8.462517410941803320e-01
8.510649469564484093e-01
8.549604767225496005e-01
8.400243764207058206e-01
8.550545324035816463e-01
8.548194097860548624e-01
8.572673914246937699e-01
8.473711964095578253e-01
8.573616643448680463e-01
8.486320834003411306e-01
8.400243764207058206e-01
8.380804713375944459e-01
8.333292111598087359e-01
8.352177858476768080e-01
8.170790818032074299e-01
8.080643268032847715e-01
8.113453023526613350e-01
8.111202342686159028e-01
8.078399958693509575e-01
8.143661121522303148e-01
8.253080841622839614e-01
8.318576758993252440e-01
8.187557560376230725e-01
8.280051670067951619e-01
8.359096199273423622e-01
8.406268279531659005e-01
8.356328288567009821e-01
8.385892242103025751e-01
8.520960198321585466e-01
8.377568542200481971e-01
8.360941898798781580e-01
8.436445418893008252e-01
8.507371011347171219e-01
8.344342854043222957e-01
8.384041932170838152e-01
8.449472918060205728e-01
8.435980464807144585e-01
8.370175509796471403e-01
8.372023255551912513e-01
8.492397446245458781e-01
8.556190523414226590e-01
8.425756940518738247e-01
8.390982360442489352e-01
8.455061331561939397e-01
8.575030903910665359e-01
8.448076302522906644e-01
8.362326397035761971e-01
8.425292483121022968e-01
8.490059850685582887e-01
8.361864876324940354e-01
8.361403376913258967e-01
8.551485969319170266e-01
8.277763183434156957e-01
8.348029150278879484e-01
8.394685892728706023e-01
8.378030788254147154e-01
8.315360660093471523e-01
8.259474119765535249e-01
8.223451190316275472e-01
8.272730355565016680e-01
8.254450485745792321e-01
8.022926278207425099e-01
8.066294776646358855e-01
8.014007660001993827e-01
8.164906467969785808e-01
8.032299395901407735e-01
8.030513362676447997e-01
8.006433083481940827e-01
7.784001045347110903e-01
7.811918184525410425e-01
7.736633336243983194e-01
7.751818709142757058e-01
7.596289218607790161e-01
7.454936609321549668e-01
7.504373677875086912e-01
7.306829140890496177e-01
7.279042705179499251e-01
7.065566874698792077e-01
6.825633870203002829e-01
6.735014283131111057e-01
6.359354348088359643e-01
5.628911460693437618e-01
6.270973020984467183e-01
7.217112776846992261e-01
7.584753467184324194e-01
7.879414934464925580e-01
8.247147883869452301e-01
8.461118972529089177e-01
8.703617999857549137e-01
8.790431178474893414e-01
8.830977645183910596e-01
9.162407331241126940e-01
9.343019646760062358e-01
9.497441081333750645e-01
9.576336954085373776e-01
9.594070229477829059e-01
9.853728930615996973e-01
9.922003259745046932e-01
1.017327276051927853e+00
1.004630263197679341e+00
1.026105597881361575e+00
1.028340235682778214e+00
1.037216199803035366e+00
1.046228588988547870e+00
1.064558748543257494e+00
1.074934825313752285e+00
1.072827589694382411e+00
1.080634855437457631e+00
1.108723232418839189e+00
1.103162625766927363e+00
1.101536560185357061e+00
1.114985602786054741e+00
1.122884489643830364e+00
1.122208502523296403e+00
1.143254069291229413e+00
1.142250745697939607e+00
1.139996941450840851e+00
1.143881658115644129e+00
1.145263741511922007e+00
1.156516863169640530e+00
1.175579729824718811e+00
1.175709339053076619e+00
1.177850320180365173e+00
1.193230707794034728e+00
1.180191175661137848e+00
1.205908008960447475e+00
1.194682757418844332e+00
1.201110238712459477e+00
1.208449476353013807e+00
1.205841215385962784e+00
1.206175227881136180e+00
1.224243541168295479e+00
1.223563454090939473e+00
1.214831547660811140e+00
1.228743753317857568e+00
1.245072615211361367e+00
1.241467008753517121e+00
1.241190192142752835e+00
1.250086553291959390e+00
1.247228312996893962e+00
1.241051812567356194e+00
1.244031201571921486e+00
1.258921895810951597e+00
1.276973697210426195e+00
1.253513249886072600e+00
1.273037106935458240e+00
1.256951729116822847e+00
1.270896389691511530e+00
1.264005934441415846e+00
1.275468806031005542e+00
1.272537196194820197e+00
1.277475831290773911e+00
1.269329437803943250e+00
1.271252857809212600e+00
1.299309651152489309e+00
1.283449005827732137e+00
1.298869736195618074e+00
1.298136974383686137e+00
1.287789290419047106e+00
1.280278060536010898e+00
1.276686876614741450e+00
1.289385459951869706e+00
1.289095057742771999e+00
1.301732648776853907e+00
1.283882187554237220e+00
1.305341298714225218e+00
1.287789290419047106e+00
1.287861788334764057e+00
1.286919725146862703e+00
1.303203994587793346e+00
1.297697574889248529e+00
1.293387065931876023e+00
1.297990486432057722e+00
1.295722662935503422e+00
1.294262275673396800e+00
1.312300681211564068e+00
1.267978134301849025e+00
1.289748581347339496e+00
1.293095499489108846e+00
1.289458073683157124e+00
1.293095499489108846e+00
1.273537267711844834e+00
1.272894249792358323e+00
1.270112606830481994e+00
1.281357935375480039e+00
1.272894249792358323e+00
1.277404082411818464e+00
1.279055610450292590e+00
1.274323740422458329e+00
1.276185138439860367e+00
1.275325601104512430e+00
1.266699634234241145e+00
1.266273830523315880e+00
1.260190484324164473e+00
1.260754818424921098e+00
1.265280993054339831e+00
1.267267654698249757e+00
1.261248872145666056e+00
1.254073827295469457e+00
1.240913452138219242e+00
1.239945464784753426e+00
1.256389536551067110e+00
1.228128894203695864e+00
1.232715273191590910e+00
1.247855032142785703e+00
1.219898954876194708e+00
1.212475516817685062e+00
1.221118963160906290e+00
1.208516444375808518e+00
1.225196440777562401e+00
1.208650393877046980e+00
1.184235538642903762e+00
1.190793369213821506e+00
1.203039906277336257e+00
1.172474137266565464e+00
1.171118467454988377e+00
1.169313761841094035e+00
1.183320864595074795e+00
1.165200909825397702e+00
1.158362293073883720e+00
1.146144244713463323e+00
1.140497348041629166e+00
1.132334546073142434e+00
1.125777956740879659e+00
1.122945965683562974e+00
1.113583804598254900e+00
1.113766536439786847e+00
1.093326284238871793e+00
1.087613003209741080e+00
1.069558468277373109e+00
1.069908220539755206e+00
1.066822966178701648e+00
1.052855291330381249e+00
1.047083022124178697e+00
1.031645468237183394e+00
1.019819592703012034e+00
1.013903560741155729e+00
1.010381655273750567e+00
9.728610833625488397e-01
9.791772849293458592e-01
9.779533922662615453e-01
9.501578013857319149e-01
9.267451897780141223e-01
9.257351907021540427e-01
9.012543470480416374e-01
8.891134038693628838e-01
8.745251826416868823e-01
8.670244905712376493e-01
8.397001297124422337e-01
8.159025578428860115e-01
8.169432583734561604e-01
7.867548105251209734e-01
7.743138529786062207e-01
7.455779637479178490e-01
7.232765455414575939e-01
7.091546187057620187e-01
6.800730210726744218e-01
6.511227093047136094e-01
6.338222264752619850e-01
6.016989941155159727e-01
5.662326310377299166e-01
5.442100677855741253e-01
5.055727774845415468e-01
4.742687117931101426e-01
4.398391851995011592e-01
4.077577341680491685e-01
3.541353143867222997e-01
3.156701089919504710e-01
2.752529681127615646e-01
2.189025570569551604e-01
1.576367491120898023e-01
9.719395299143229749e-02
2.472311305550611849e-02
-4.459088332787430886e-02
-1.388745922747425254e-01
-2.269443192362299300e-01
-3.474121766595477112e-01
-4.913369471821287249e-01
-6.753293821869714719e-01
-9.161147163843370578e-01
-1.288879969012848292e+00
-2.202534897041751094e+00
