-5.120675084850439873e+00
-2.837470153327014799e+00
-2.295470510935304631e+00
-1.955213405914784985e+00
-1.702901539924750907e+00
-1.510548267313993165e+00
-1.346197797855190004e+00
-1.208797148441403735e+00
-1.093081466273400082e+00
-9.880282777384188364e-01
-8.960172737545377686e-01
-8.128424607847897221e-01
-7.362194413309204322e-01
-6.618560119712775247e-01
-5.960046563708569778e-01
-5.442758736203234804e-01
-4.835859702190035136e-01
-4.334260865044878841e-01
-3.812543793931073566e-01
-3.362245869109354857e-01
-2.945981014935110665e-01
-2.488892677326255409e-01
-2.132925221971291307e-01
-1.835319351016160283e-01
-1.453463206690592813e-01
-1.166564753996777171e-01
-8.202228547738954489e-02
-4.446335670652068472e-02
-1.879558445099149822e-02
1.166780486768104197e-02
3.373604813076802600e-02
6.312441035258409272e-02
8.542717795037546580e-02
1.073625183284985241e-01
1.354837734707423635e-01
1.465838252621090021e-01
1.742105402050295737e-01
1.916287345144453980e-01
2.173437361383392386e-01
2.332275577682292322e-01
2.484442654275067497e-01
2.684547740242120284e-01
2.869889793629631924e-01
3.054749872403412780e-01
3.168317139665486337e-01
3.389472970578530919e-01
3.466868957393511863e-01
3.642655848608473690e-01
3.735789192458423003e-01
3.839580518237326601e-01
4.011942412575173478e-01
4.140821282152788996e-01
4.295529036372531806e-01
4.381949327310827869e-01
4.510484197301298792e-01
4.640692724242168055e-01
4.691506597942964873e-01
4.816768300540505976e-01
4.884337588479290559e-01
5.014475138056937453e-01
5.059265328221975722e-01
5.241810788131484600e-01
5.263228658816228034e-01
5.342762301876593511e-01
5.358927509226312225e-01
5.511847624575700877e-01
5.570557343374691328e-01
5.649767991776002418e-01
5.722283259862663840e-01
5.855970638291267960e-01
5.892437259001184202e-01
5.779868404239714152e-01
6.013340172874936940e-01
6.024049939257380970e-01
6.127353102660837436e-01
6.106459590482007371e-01
6.125630810039055518e-01
6.226762907692648952e-01
6.227259962642186508e-01
6.313123109966891633e-01
6.227259962642186508e-01
6.413899937871061496e-01
6.438745930928071459e-01
6.426061690662265846e-01
6.479189079568730136e-01
6.471291090597528495e-01
6.501132342098845385e-01
6.509309584268656579e-01
6.618552532160091317e-01
6.510332209860738573e-01
6.540803253960429942e-01
6.609769044551025985e-01
6.477659949640681702e-01
6.530038162570956928e-01
6.564167450629447842e-01
6.620878864965416000e-01
6.595318920758828085e-01
6.502154131764328326e-01
6.488879002807550478e-01
6.558000162755703855e-01
6.557743274951430834e-01
6.523379861216103137e-01
6.550809797534888901e-01
6.491430543952230181e-01
6.432909182085158051e-01
6.464162780723388124e-01
6.434177750760810000e-01
6.590936404350937750e-01
6.456530940316316247e-01
6.456276645919682977e-01
6.503176025845895936e-01
6.428090088235141053e-01
6.451700452215991533e-01
6.474857151920634379e-01
6.415419348342723538e-01
6.495003795649267886e-01
6.465435320587413770e-01
6.308611944756670198e-01
6.411621254939934289e-01
6.436461579991075155e-01
6.470781757060350969e-01
6.361117372435245443e-01
6.305355146160884772e-01
6.284586706712484983e-01
6.365400297486534242e-01
6.364140423220323584e-01
6.270099380586771076e-01
6.175203624369522970e-01
6.252642581719847215e-01
6.192773319934889997e-01
6.153469854391886429e-01
6.144345878664925209e-01
6.013340172874936940e-01
6.011150951134514031e-01
6.043551676216694091e-01
6.082669617644587134e-01
6.114811757617832910e-01
6.180644455467021459e-01
6.255633012364132384e-01
6.310366044970407984e-01
6.375485009918477886e-01
6.352557021441676000e-01
6.468490077121611392e-01
6.618294084140430300e-01
6.537726330859232604e-01
6.623722895751829043e-01
6.659211943063532146e-01
6.775363330457970790e-01
6.753858509813017719e-01
6.840420913112872370e-01
6.890489232337895231e-01
6.905904517782541774e-01
7.004806716601681416e-01
7.077330388883638079e-01
7.067864404863968275e-01
6.997824788768980397e-01
7.189710995027649432e-01
7.146841108906016871e-01
7.266901758350012841e-01
7.239913418549512869e-01
7.306690708635770193e-01
7.338302958354798733e-01
7.287881752242846289e-01
7.307244449153103005e-01
7.353868461678203516e-01
7.382561287269044925e-01
7.550793234763233386e-01
7.440475696887354218e-01
7.631977540736656351e-01
7.613689208735507918e-01
7.627688211093097692e-01
7.681581243724586727e-01
7.729987953817722968e-01
7.648293793336655710e-01
7.821678475486759652e-01
7.765867621938724596e-01
7.776018287678851948e-01
7.784727066677934459e-01
7.787341180000115770e-01
7.750516201814292572e-01
7.685893757268029702e-01
7.804204100117573262e-01
7.747043678122835786e-01
7.954900317284501199e-01
7.795187622622350432e-01
7.900693255489983358e-01
7.858474358488649614e-01
7.869598155777488557e-01
7.909511339010162345e-01
7.824302267464275928e-01
7.779791160766418301e-01
7.788212702987085123e-01
7.852039916454476298e-01
7.798676907645099021e-01
7.886893872804332517e-01
7.769926651886311930e-01
7.817307018119006301e-01
7.636554854505597234e-01
7.676408681179314186e-01
7.505503302276164135e-01
8.113302962376671701e-01
8.714767160843610583e-01
8.895514346845327935e-01
9.302882415180082631e-01
9.694454066786750701e-01
9.900449204628163358e-01
1.004684882636750487e+00
1.023096736191963174e+00
1.038119440239288593e+00
1.067074862669953106e+00
1.071736694662753564e+00
1.095417397771589307e+00
1.097572829093445890e+00
1.109349729210849844e+00
1.124094212682800631e+00
1.132748350597791998e+00
1.152941766546865310e+00
1.169850536269166241e+00
1.180473315148429236e+00
1.172474137266563687e+00
1.204595220208741324e+00
1.206687597154644465e+00
1.227855744789266623e+00
1.238426232395314130e+00
1.238840339655011391e+00
1.251996595567465675e+00
1.259532496802187040e+00
1.265942775163106049e+00
1.279271228376163805e+00
1.284219236453592927e+00
1.288853120306610478e+00
1.318760331002520658e+00
1.323407202731550214e+00
1.334030870857931816e+00
1.329586419097507743e+00
1.342111620239393233e+00
1.353969162346970734e+00
1.365550999981989477e+00
1.366753205913054714e+00
1.377797230865944300e+00
1.377057155767408503e+00
1.393037041987282620e+00
1.386294361119890794e+00
1.399933621046342225e+00
1.413377829529631313e+00
1.422847701543592080e+00
1.417826308733053153e+00
1.424176237581788129e+00
1.434700598998453813e+00
1.440651994926174240e+00
1.449930178705827188e+00
1.463722711427942968e+00
1.453175178849154037e+00
1.457632838533672981e+00
1.467591188205863872e+00
1.479872708079456700e+00
1.485746440091549658e+00
1.480458531177639259e+00
1.493731104722129999e+00
1.493909267860647816e+00
1.508266157397727625e+00
1.518805322180886819e+00
1.518500917441997444e+00
1.529087559780441197e+00
1.528288125491330973e+00
1.541779263960284752e+00
1.548468252111081966e+00
1.548091982195693106e+00
1.539290152532018396e+00
1.549346766223807847e+00
1.561600583019940203e+00
1.564464546791368704e+00
1.573298865818227199e+00
1.560901748774034203e+00
1.556339581439084796e+00
1.575100900029649864e+00
1.555075997748089023e+00
1.599091620379955003e+00
1.578908707399277134e+00
1.589635285137919851e+00
1.593564563277809043e+00
1.606309477759568338e+00
1.595469263206704014e+00
1.598629863717507149e+00
1.605246707815631169e+00
1.602594713952106176e+00
1.601139109619404977e+00
1.610505148394523189e+00
1.624416195614813319e+00
1.624280859303874891e+00
1.619622937492465553e+00
1.631683521381418700e+00
1.635097659214677535e+00
1.636877628192880962e+00
1.637974570576288258e+00
1.635508140167283742e+00
1.645203268880841563e+00
1.634208861426021286e+00
1.641961104139660677e+00
1.645134177092373307e+00
1.628281000235579867e+00
1.647139779618111532e+00
1.653807860170040556e+00
1.643891340503479626e+00
1.649080047706542373e+00
1.646240218958205048e+00
1.649773913956973814e+00
1.660520702663415449e+00
1.652554203507728303e+00
1.645894449444714525e+00
1.655900786844441086e+00
1.669258690752638330e+00
1.661082145586437520e+00
1.664527878752059209e+00
1.651232602091145196e+00
1.663753312646369054e+00
1.653180835382018543e+00
1.659118472888678752e+00
1.663471800926584976e+00
1.654435278364836392e+00
1.665232550756414298e+00
1.657368446191650690e+00
1.656389767329891072e+00
1.660310242807856440e+00
1.644374482314995944e+00
1.663401435377529936e+00
1.652345413445376110e+00
1.650815616888078097e+00
1.665091576624934788e+00
1.657858145036652076e+00
1.644581614569680994e+00
1.654435278364836392e+00
1.650051595319396824e+00
1.656040471158119587e+00
1.625431802188449737e+00
1.638111773018707140e+00
1.628756656820499416e+00
1.633798913347035864e+00
1.641203815197751936e+00
1.635576570043793865e+00
1.634960869665185612e+00
1.615321855593075284e+00
1.624957724092135791e+00
1.617671717361202965e+00
1.621240624553252019e+00
1.604118750956500250e+00
1.602263708686098909e+00
1.596455878210930379e+00
1.589504574726650077e+00
1.587480745082057609e+00
1.581887598347094581e+00
1.592318620626711478e+00
1.570730151331050095e+00
1.565676242995230893e+00
1.557794679282261896e+00
1.561791258966746199e+00
1.536621249852302640e+00
1.555075997748089023e+00
1.532600335709512152e+00
1.534949060443359770e+00
1.516554918287386755e+00
1.508688009333956970e+00
1.500942316280800881e+00
1.495930671640504528e+00
1.482100663972904186e+00
1.482335474657869412e+00
1.469965867147505989e+00
1.453631461295900706e+00
1.438682992011610651e+00
1.423567106129004500e+00
1.406497068437410292e+00
1.395886889325394620e+00
1.400961398163293126e+00
1.366648608873054727e+00
1.350669850146960727e+00
1.341448473328055613e+00
1.314035716967181244e+00
1.329183355811116130e+00
1.285906187088620811e+00
1.262167048570661976e+00
1.251856712602652522e+00
1.219424908884857217e+00
1.210661792476731335e+00
1.170452065891153026e+00
1.144740000311895045e+00
1.110725356551911958e+00
1.078143216828769013e+00
1.050126932852785799e+00
1.003447573988777819e+00
9.680753750239148303e-01
9.176917127897823434e-01
8.671196878677047692e-01
8.080344131043020184e-01
7.411336677642417214e-01
6.488113667398938134e-01
5.603427187522846964e-01
4.358006119042823201e-01
2.794493875253039050e-01
3.947567898764070549e-02
-2.872619842270776047e-01
