-5.173452247751848532e+00
-2.822630483786722877e+00
-2.283165752234195267e+00
-1.944297420736376125e+00
-1.695057654882743847e+00
-1.502936428659317869e+00
-1.341592827099024277e+00
-1.206658337907549949e+00
-1.087376064742038295e+00
-9.873891185408414373e-01
-8.950799364315749074e-01
-8.136135968550313180e-01
-7.329446504340104696e-01
-6.697264730409884237e-01
-6.039161992129429279e-01
-5.431611498634616453e-01
-4.884397771155342127e-01
-4.423167167819777035e-01
-3.886851080681470449e-01
-3.419916703615033526e-01
-2.995457061437463153e-01
-2.660234953743678687e-01
-2.270035206097205105e-01
-1.957547358046536345e-01
-1.578629644377596009e-01
-1.279759899108263710e-01
-9.605795210097234360e-02
-7.125165185407666968e-02
-3.363370628449757760e-02
-9.961646206404495274e-03
1.607131160670682846e-02
4.233504336347060359e-02
6.914798555733270291e-02
9.215288359943940577e-02
1.075724840666794080e-01
1.308509067062839648e-01
1.523256794872409614e-01
1.665337006059193214e-01
1.860817603638622586e-01
2.048827282340308642e-01
2.243871814445466129e-01
2.356789348244703319e-01
2.515136317940775967e-01
2.730092937105741413e-01
2.838038880541287057e-01
3.035172661455245446e-01
3.105082374634182685e-01
3.273935726880097263e-01
3.435371343433342162e-01
3.501655637532152809e-01
3.605026685016312626e-01
3.762614313295191693e-01
3.958316591399260176e-01
3.908186079613553687e-01
4.084581542338536764e-01
4.162256528102332709e-01
4.283770213707835950e-01
4.403937880847852426e-01
4.549134888546060296e-01
4.502413388975341491e-01
4.675837024889286653e-01
4.741906683871643935e-01
4.817477508371084127e-01
4.882257918487500348e-01
4.983137485592585847e-01
4.933787101622701954e-01
5.036135978201379260e-01
5.168245336805394885e-01
5.235539047904005372e-01
5.270711564596961551e-01
5.307368283850468771e-01
5.379130062921895217e-01
5.331296626995953858e-01
5.438802435493652609e-01
5.488736914035214909e-01
5.551258826625709020e-01
5.545685467139094271e-01
5.591558937029894594e-01
5.623394938570189794e-01
5.658954638927315983e-01
5.696863260131905804e-01
5.584165073599400841e-01
5.668821239274688395e-01
5.647489400471705778e-01
5.700500358575713022e-01
5.698277530118396328e-01
5.725186732909453013e-01
5.669425633218843075e-01
5.745061004306180052e-01
5.701308782351901527e-01
5.605962684493839276e-01
5.809007132927543893e-01
5.664792879568256723e-01
5.684345592436415018e-01
5.662980646993442946e-01
5.681722906185431299e-01
5.700904562294439870e-01
5.661168742777835661e-01
5.643469623113244182e-01
5.547078515828403056e-01
5.580570034714291694e-01
5.526203134230360803e-01
5.514889007238146235e-01
5.543297835061853363e-01
5.515682563561217222e-01
5.587961239517458267e-01
5.543695734154692190e-01
5.454959437747408657e-01
5.630817875785965043e-01
5.552055274468745694e-01
5.545486476024041878e-01
5.544889526436254101e-01
5.504182155813808208e-01
5.588161077648585717e-01
5.513897150382121026e-01
5.542899951800741576e-01
5.551657042618121096e-01
5.511517095232925101e-01
5.592958391245019811e-01
5.535740758892799818e-01
5.561019686356267755e-01
5.524018709172278108e-01
5.479639351949749937e-01
5.526203134230360803e-01
5.504380326696569625e-01
5.547277538626467219e-01
5.433881708307719549e-01
5.464824095454599018e-01
5.493882677799870606e-01
5.502993212980733517e-01
5.376390551320540112e-01
5.427193402756920193e-01
5.370131627259944196e-01
5.407940336948353632e-01
5.420313051784191316e-01
5.526600353694171019e-01
5.652114142925821483e-01
5.637242159799651375e-01
5.736538622393503317e-01
5.856723302552051535e-01
5.969231327459372238e-01
6.028364903899863236e-01
6.151707820577421160e-01
6.192808702571586110e-01
6.288586906775837093e-01
6.316919794003030830e-01
6.330685901444681463e-01
6.389837233189954446e-01
6.371449904446606638e-01
6.525867059473267062e-01
6.686720132118644244e-01
6.751388791909622711e-01
6.740170482453979872e-01
6.814219053437149398e-01
6.929643401334182329e-01
6.973158574321658421e-01
7.010411129647753370e-01
7.130933610165293146e-01
7.089978556875795590e-01
7.229114896308583837e-01
7.217583176922328647e-01
7.349696754137848842e-01
7.375708915761762796e-01
7.443081528753801024e-01
7.549496386103644596e-01
7.459935600593095018e-01
7.673536190997847228e-01
7.594823623451389949e-01
7.730565637882467200e-01
7.747911696004550208e-01
7.837348148713125795e-01
7.865163881273442570e-01
7.892302303799443308e-01
8.050816382541245986e-01
8.064630659488685183e-01
7.993969804026566095e-01
8.062326954352752040e-01
8.102076202088621670e-01
8.201237763498490096e-01
8.102847103143844265e-01
8.172472697083055237e-01
8.342631821167483253e-01
8.349214319858280220e-01
8.298509467834822573e-01
8.428013183353133542e-01
8.435714786463908155e-01
8.541747856601613620e-01
8.405738506274484934e-01
8.535574105583485505e-01
8.629395563771602440e-01
8.598023837479438214e-01
8.616402221030803332e-01
8.638609406866741836e-01
8.534500798724025117e-01
8.704163791801793337e-01
8.802343606334677162e-01
8.812821741082590421e-01
8.729849673231893092e-01
8.812821741082590421e-01
8.972446932400170994e-01
9.384194910900962583e-01
9.943449417301142290e-01
1.032631950305866297e+00
1.048223403134981524e+00
1.066283401552750476e+00
1.093164298808680712e+00
1.110430419917776135e+00
1.125848418973152576e+00
1.166071642716664414e+00
1.171883687769744498e+00
1.184394291777444153e+00
1.207407266774570331e+00
1.231314637289498748e+00
1.229007380140972217e+00
1.248810788656939508e+00
1.255286149039806176e+00
1.277342587469759039e+00
1.295837498068916460e+00
1.295670469506644551e+00
1.308529410401446214e+00
1.323056685715368275e+00
1.322155920003659446e+00
1.355637687418633774e+00
1.361819193771809822e+00
1.369117025628060702e+00
1.385243484912335177e+00
1.390784426392755790e+00
1.414576264657972260e+00
1.411899389835285845e+00
1.432655477815263367e+00
1.433949170049070077e+00
1.454242880173550745e+00
1.451750636598506006e+00
1.466500891735481815e+00
1.478560037275141070e+00
1.487776692380064603e+00
1.488181550685190757e+00
1.505901917344978358e+00
1.499021627315629601e+00
1.527147184003174729e+00
1.526568434611805358e+00
1.533747519499428336e+00
1.540765092158073557e+00
1.540018465276821402e+00
1.553651868434430483e+00
1.564573812525743790e+00
1.565229657769780403e+00
1.579269032804731410e+00
1.593452083664621100e+00
1.605047564132807025e+00
1.607553973875576858e+00
1.613503307824023736e+00
1.613216470774185396e+00
1.624348525169855506e+00
1.631566671650041656e+00
1.639072717563792025e+00
1.649843327069138610e+00
1.657308499544148717e+00
1.651391499344544656e+00
1.668096610802138002e+00
1.666340896714082476e+00
1.674540402095837877e+00
1.680412337739415563e+00
1.684592586034860062e+00
1.695307084844953849e+00
1.712958851310036223e+00
1.709542423844272463e+00
1.718424040306985034e+00
1.720209868959413413e+00
1.718742704469523375e+00
1.743916692463894691e+00
1.734806790835905943e+00
1.732800772109040821e+00
1.746338238854830749e+00
1.772763890196811687e+00
1.763122034449716935e+00
1.757341479500892589e+00
1.775796135369104078e+00
1.789521974287863415e+00
1.781888349432792396e+00
1.790891274789368381e+00
1.798594201460174347e+00
1.781345313850618339e+00
1.802398723048449725e+00
1.814250507063587037e+00
1.818608118682131902e+00
1.806844100932316621e+00
1.834869794266323240e+00
1.828874058959987892e+00
1.819383230583673239e+00
1.824542434931698764e+00
1.823904928269413972e+00
1.836302664550164110e+00
1.852419805967974398e+00
1.842271114295828127e+00
1.841694288264980273e+00
1.853805100199936717e+00
1.853805100199936717e+00
1.855923203464154625e+00
1.869615996906889066e+00
1.858925439087911968e+00
1.856215708036623724e+00
1.839246482867094912e+00
1.866951105256511312e+00
1.886434422260204968e+00
1.872362333760154485e+00
1.885153771213202489e+00
1.872659687315721300e+00
1.875414407443615872e+00
1.892938264289208306e+00
1.887414851465027965e+00
1.889756684452182256e+00
1.898034688814281168e+00
1.907305009944247232e+00
1.898950230192035349e+00
1.901548825356560002e+00
1.899026563156462899e+00
1.905305778213373102e+00
1.913171940467540466e+00
1.913249366815765740e+00
1.904384402226815709e+00
1.921803073712080590e+00
1.904154190814985270e+00
1.920476347798503625e+00
1.917361565650898214e+00
1.905613092290776578e+00
1.903540552688804510e+00
1.925323515446924816e+00
1.917283820266989736e+00
1.904461151142774256e+00
1.905536254917040040e+00
1.911315504290813649e+00
1.911779290339167048e+00
1.910002610716894367e+00
1.901395779748670023e+00
1.904691433239358744e+00
1.927677380794253992e+00
1.920008511532660833e+00
1.910234172602843117e+00
1.909771102439441037e+00
1.904768205724138852e+00
1.922818817831915439e+00
1.888396242854707197e+00
1.887263953622580814e+00
1.913481681835975223e+00
1.900783831439204263e+00
1.903387201975423437e+00
1.896434505594788433e+00
1.880497010507081512e+00
1.881321629167700848e+00
1.880571947747178285e+00
1.883048032298686891e+00
1.887414851465027965e+00
1.884626920638414305e+00
1.868282663376024999e+00
1.890134913587898424e+00
1.859512293564849372e+00
1.876384086406703844e+00
1.863482595082002646e+00
1.845160245955170808e+00
1.857166939220924462e+00
1.848420527778056766e+00
1.836015926196944648e+00
1.832438616808563125e+00
1.835156204120778511e+00
1.816567517052245506e+00
1.806704883334987244e+00
1.804757869299429274e+00
1.795698646179593183e+00
1.804827340277956438e+00
1.777079182443857874e+00
1.775458764831846281e+00
1.749488467882576614e+00
1.752780543544766090e+00
1.749554203297556398e+00
1.714163708933835295e+00
1.726100147850367250e+00
1.714481018154330627e+00
1.682623233438254928e+00
1.665796646103483880e+00
1.652942072174294452e+00
1.631391422649972611e+00
1.632267974934000776e+00
1.603115086550619850e+00
1.594127151197008985e+00
1.555870063949962301e+00
1.527620955496256983e+00
1.512466775121380280e+00
1.462940937419554999e+00
1.441022117956075377e+00
1.415140731487014136e+00
1.363113692334454896e+00
1.313490095565287064e+00
1.259143279459655318e+00
1.204925639081208644e+00
1.124827202228004808e+00
1.032631950305866297e+00
9.358522453834581256e-01
7.620012861651233038e-01
6.675574095609491110e-01
