  -4.5038958e+00
  -2.2047572e+00
  -1.6578444e+00
  -1.3116922e+00
  -1.0598984e+00
  -8.6050476e-01
  -7.0410306e-01
  -5.6374125e-01
  -4.5323431e-01
  -3.4145989e-01
  -2.6011995e-01
  -1.6382213e-01
  -9.2979434e-02
  -3.1757690e-02
   4.4420000e-02
   9.2820270e-02
   1.5381847e-01
   2.0531490e-01
   2.4942832e-01
   2.9765159e-01
   3.3757446e-01
   3.8560445e-01
   4.2600090e-01
   4.4924074e-01
   4.8715079e-01
   5.1160007e-01
   5.2969150e-01
   5.7675354e-01
   5.8583198e-01
   6.1867227e-01
   6.5401026e-01
   6.8777688e-01
   7.0847283e-01
   7.2200416e-01
   7.6457113e-01
   7.7406375e-01
   7.9359632e-01
   7.9332367e-01
   8.1788566e-01
   8.4225470e-01
   8.5473805e-01
   8.7179250e-01
   8.9511123e-01
   9.1261859e-01
   9.3033371e-01
   9.2684857e-01
   9.6145227e-01
   9.7585425e-01
   9.7487311e-01
   9.9057737e-01
   1.0027156e+00
   1.0146061e+00
   1.0190946e+00
   1.0444109e+00
   1.0610181e+00
   1.0525034e+00
   1.0783286e+00
   1.0812935e+00
   1.0858488e+00
   1.0941623e+00
   1.0888362e+00
   1.1132495e+00
   1.1316241e+00
   1.1098142e+00
   1.1193369e+00
   1.1494989e+00
   1.1474898e+00
   1.1517072e+00
   1.1556160e+00
   1.1620991e+00
   1.1616393e+00
   1.1971998e+00
   1.1966556e+00
   1.1840181e+00
   1.1988342e+00
   1.1982210e+00
   1.2019744e+00
   1.2073903e+00
   1.2184501e+00
   1.2119377e+00
   1.2285096e+00
   1.2206768e+00
   1.2259152e+00
   1.2407303e+00
   1.2514485e+00
   1.2412990e+00
   1.2387422e+00
   1.2382458e+00
   1.2514485e+00
   1.2549748e+00
   1.2531021e+00
   1.2613392e+00
   1.2464323e+00
   1.2633000e+00
   1.2627186e+00
   1.2662121e+00
   1.2440763e+00
   1.2654104e+00
   1.2776508e+00
   1.2685479e+00
   1.2661392e+00
   1.2518796e+00
   1.2661392e+00
   1.2711089e+00
   1.2660663e+00
   1.2611215e+00
   1.2713287e+00
   1.2606864e+00
   1.2801614e+00
   1.2818632e+00
   1.2818632e+00
   1.2707426e+00
   1.2730890e+00
   1.2643183e+00
   1.2674523e+00
   1.2442902e+00
   1.2648278e+00
   1.2648278e+00
   1.2585136e+00
   1.2495107e+00
   1.2547585e+00
   1.2549748e+00
   1.2568510e+00
   1.2459321e+00
   1.2508739e+00
   1.2387422e+00
   1.2127667e+00
   1.2293524e+00
   1.2347072e+00
   1.2465038e+00
   1.2151886e+00
   1.2447183e+00
   1.2282990e+00
   1.2153965e+00
   1.2016326e+00
   1.2103507e+00
   1.2129049e+00
   1.1986298e+00
   1.2030005e+00
   1.2005396e+00
   1.1865059e+00
   1.1764583e+00
   1.1796626e+00
   1.1702128e+00
   1.1598678e+00
   1.1754591e+00
   1.1498234e+00
   1.1498234e+00
   1.1417440e+00
   1.1472956e+00
   1.1192110e+00
   1.1258417e+00
   1.1131869e+00
   1.1129367e+00
   1.1057074e+00
   1.0952678e+00
   1.1065150e+00
   1.0695461e+00
   1.0822029e+00
   1.0669143e+00
   1.0569291e+00
   1.0485076e+00
   1.0485663e+00
   1.0434186e+00
   1.0237178e+00
   1.0017637e+00
   1.0193794e+00
   9.9685081e-01
   9.7940530e-01
   9.7629063e-01
   9.5984093e-01
   9.5667951e-01
   9.3644898e-01
   9.2903187e-01
   9.0807278e-01
   9.2296165e-01
   8.9174651e-01
   8.9149586e-01
   8.7144855e-01
   8.3839727e-01
   8.2973675e-01
   8.1746666e-01
   7.9250616e-01
   7.6983861e-01
   7.6554286e-01
   7.5420607e-01
   7.3144100e-01
   6.9257188e-01
   6.7983597e-01
   6.5294359e-01
   6.2879622e-01
   6.0101085e-01
   5.6993479e-01
   5.3077418e-01
   4.7508062e-01
   4.5661130e-01
   4.0479738e-01
   3.2165733e-01
   2.1770682e-01
   0.0000000e+00
   0.0000000e+00
   2.1770682e-01
   3.2165733e-01
   4.0479738e-01
   4.5661130e-01
   4.7508062e-01
   5.3077418e-01
   5.6993479e-01
   6.0101085e-01
   6.2879622e-01
   6.5294359e-01
   6.7983597e-01
   6.9257188e-01
   7.3144100e-01
   7.5420607e-01
   7.6554286e-01
   7.6983861e-01
   7.9250616e-01
   8.1746666e-01
   8.2973675e-01
   8.3839727e-01
   8.7144855e-01
   8.9149586e-01
   8.9174651e-01
   9.2296165e-01
   9.0807278e-01
   9.2903187e-01
   9.3644898e-01
   9.5667951e-01
   9.5984093e-01
   9.7629063e-01
   9.7940530e-01
   9.9685081e-01
   1.0193794e+00
   1.0017637e+00
   1.0237178e+00
   1.0434186e+00
   1.0485663e+00
   1.0485076e+00
   1.0569291e+00
   1.0669143e+00
   1.0822029e+00
   1.0695461e+00
   1.1065150e+00
   1.0952678e+00
   1.1057074e+00
   1.1129367e+00
   1.1131869e+00
   1.1258417e+00
   1.1192110e+00
   1.1472956e+00
   1.1417440e+00
   1.1498234e+00
   1.1498234e+00
   1.1754591e+00
   1.1598678e+00
   1.1702128e+00
   1.1796626e+00
   1.1764583e+00
   1.1865059e+00
   1.2005396e+00
   1.2030005e+00
   1.1986298e+00
   1.2129049e+00
   1.2103507e+00
   1.2016326e+00
   1.2153965e+00
   1.2282990e+00
   1.2447183e+00
   1.2151886e+00
   1.2465038e+00
   1.2347072e+00
   1.2293524e+00
   1.2127667e+00
   1.2387422e+00
   1.2508739e+00
   1.2459321e+00
   1.2568510e+00
   1.2549748e+00
   1.2547585e+00
   1.2495107e+00
   1.2585136e+00
   1.2648278e+00
   1.2648278e+00
   1.2442902e+00
   1.2674523e+00
   1.2643183e+00
   1.2730890e+00
   1.2707426e+00
   1.2818632e+00
   1.2818632e+00
   1.2801614e+00
   1.2606864e+00
   1.2713287e+00
   1.2611215e+00
   1.2660663e+00
   1.2711089e+00
   1.2661392e+00
   1.2518796e+00
   1.2661392e+00
   1.2685479e+00
   1.2776508e+00
   1.2654104e+00
   1.2440763e+00
   1.2662121e+00
   1.2627186e+00
   1.2633000e+00
   1.2464323e+00
   1.2613392e+00
   1.2531021e+00
   1.2549748e+00
   1.2514485e+00
   1.2382458e+00
   1.2387422e+00
   1.2412990e+00
   1.2514485e+00
   1.2407303e+00
   1.2259152e+00
   1.2206768e+00
   1.2285096e+00
   1.2119377e+00
   1.2184501e+00
   1.2073903e+00
   1.2019744e+00
   1.1982210e+00
   1.1988342e+00
   1.1840181e+00
   1.1966556e+00
   1.1971998e+00
   1.1616393e+00
   1.1620991e+00
   1.1556160e+00
   1.1517072e+00
   1.1474898e+00
   1.1494989e+00
   1.1193369e+00
   1.1098142e+00
   1.1316241e+00
   1.1132495e+00
   1.0888362e+00
   1.0941623e+00
   1.0858488e+00
   1.0812935e+00
   1.0783286e+00
   1.0525034e+00
   1.0610181e+00
   1.0444109e+00
   1.0190946e+00
   1.0146061e+00
   1.0027156e+00
   9.9057737e-01
   9.7487311e-01
   9.7585425e-01
   9.6145227e-01
   9.2684857e-01
   9.3033371e-01
   9.1261859e-01
   8.9511123e-01
   8.7179250e-01
   8.5473805e-01
   8.4225470e-01
   8.1788566e-01
   7.9332367e-01
   7.9359632e-01
   7.7406375e-01
   7.6457113e-01
   7.2200416e-01
   7.0847283e-01
   6.8777688e-01
   6.5401026e-01
   6.1867227e-01
   5.8583198e-01
   5.7675354e-01
   5.2969150e-01
   5.1160007e-01
   4.8715079e-01
   4.4924074e-01
   4.2600090e-01
   3.8560445e-01
   3.3757446e-01
   2.9765159e-01
   2.4942832e-01
   2.0531490e-01
   1.5381847e-01
   9.2820270e-02
   4.4420000e-02
  -3.1757690e-02
  -9.2979434e-02
  -1.6382213e-01
  -2.6011995e-01
  -3.4145989e-01
  -4.5323431e-01
  -5.6374125e-01
  -7.0410306e-01
  -8.6050476e-01
  -1.0598984e+00
  -1.3116922e+00
  -1.6578444e+00
  -2.2047572e+00
  -4.5038958e+00
