  -5.4739948e+00
  -3.3861485e+00
  -2.8529165e+00
  -2.5199079e+00
  -2.2701428e+00
  -2.0717666e+00
  -1.9152189e+00
  -1.7803229e+00
  -1.6592617e+00
  -1.5543070e+00
  -1.4623775e+00
  -1.3800324e+00
  -1.2951798e+00
  -1.2230758e+00
  -1.1612474e+00
  -1.0969206e+00
  -1.0460574e+00
  -9.9307690e-01
  -9.3689874e-01
  -8.9419136e-01
  -8.4769246e-01
  -8.1014111e-01
  -7.6820891e-01
  -7.2527120e-01
  -7.0195597e-01
  -6.6417764e-01
  -6.3356459e-01
  -5.9500733e-01
  -5.5993048e-01
  -5.5180679e-01
  -5.0995796e-01
  -4.8514459e-01
  -4.6459033e-01
  -4.3243394e-01
  -4.0056884e-01
  -3.8372320e-01
  -3.6090101e-01
  -3.4100818e-01
  -3.2743898e-01
  -3.0056429e-01
  -2.8095377e-01
  -2.5302655e-01
  -2.4457341e-01
  -2.2956458e-01
  -2.0738798e-01
  -1.8392312e-01
  -1.8374853e-01
  -1.4958905e-01
  -1.3695271e-01
  -1.3074293e-01
  -1.2127792e-01
  -9.9925243e-02
  -8.1077856e-02
  -7.0118309e-02
  -5.8707601e-02
  -5.2588137e-02
  -4.0840179e-02
  -3.1124487e-02
  -1.7334461e-02
  -1.1439823e-02
   1.7355545e-02
   1.3909899e-02
   3.0608838e-02
   4.2323967e-02
   5.1928499e-02
   6.4494225e-02
   7.2395852e-02
   8.7472467e-02
   8.1915417e-02
   8.8159726e-02
   1.1612328e-01
   1.1635898e-01
   1.1624112e-01
   1.3776185e-01
   1.4477009e-01
   1.3956962e-01
   1.5987901e-01
   1.5394670e-01
   1.6119296e-01
   1.6816106e-01
   1.6592928e-01
   1.7663744e-01
   1.9016479e-01
   1.8333623e-01
   2.0886410e-01
   2.0041039e-01
   2.0968323e-01
   2.0310610e-01
   2.1847707e-01
   2.3011833e-01
   2.3457426e-01
   2.3470692e-01
   2.4869004e-01
   2.3918338e-01
   2.3998327e-01
   2.5467229e-01
   2.6355399e-01
   2.5300446e-01
   2.5462718e-01
   2.6807032e-01
   2.7476821e-01
   2.7435402e-01
   2.7499838e-01
   2.6907672e-01
   2.7979810e-01
   2.9124381e-01
   2.8956062e-01
   2.9358628e-01
   2.7984436e-01
   2.9082275e-01
   2.8392392e-01
   2.9433703e-01
   3.0481228e-01
   2.9814638e-01
   3.0045786e-01
   3.0424324e-01
   3.0485972e-01
   2.8904688e-01
   2.9805215e-01
   3.0291673e-01
   2.8429561e-01
   3.0766237e-01
   2.9260177e-01
   2.9012137e-01
   2.8206751e-01
   2.9016811e-01
   2.9096308e-01
   2.8736738e-01
   2.8123325e-01
   2.7536677e-01
   2.7449206e-01
   2.7790315e-01
   2.6305343e-01
   2.4765914e-01
   2.5611699e-01
   2.5593629e-01
   2.4739038e-01
   2.6309893e-01
   2.6328093e-01
   2.7601179e-01
   2.6055440e-01
   2.6706493e-01
   2.6583242e-01
   2.6925981e-01
   2.7961307e-01
   2.7430801e-01
   2.8438856e-01
   2.8341306e-01
   2.8881345e-01
   2.7956681e-01
   2.8216025e-01
   2.8797354e-01
   2.9302358e-01
   2.9833487e-01
   2.9082275e-01
   2.9236751e-01
   2.9068243e-01
   2.8834675e-01
   2.8448151e-01
   2.8792690e-01
   2.7919687e-01
   2.9054214e-01
   2.8313452e-01
   2.8601650e-01
   2.8867341e-01
   2.8629584e-01
   2.7159717e-01
   2.8026082e-01
   2.7813405e-01
   2.7375606e-01
   2.9143100e-01
   2.7246935e-01
   2.7638055e-01
   2.8909357e-01
   2.7601179e-01
   2.6542192e-01
   2.6387266e-01
   2.7228567e-01
   2.7587353e-01
   2.6660826e-01
   2.5996463e-01
   2.5643330e-01
   2.5783528e-01
   2.5286935e-01
   2.5300446e-01
   2.3869487e-01
   2.3395542e-01
   2.2638363e-01
   2.2026259e-01
   2.1839005e-01
   2.0955385e-01
   1.8607049e-01
   1.7659572e-01
   1.8375640e-01
   1.4902309e-01
   1.4582153e-01
   1.3104155e-01
   1.0297367e-01
   7.7408772e-02
   0.0000000e+00
   6.5763261e-02
   1.4967276e-01
   1.9262096e-01
   2.3298373e-01
   2.5295942e-01
   2.8429561e-01
   3.1118870e-01
   3.2629168e-01
   3.4108506e-01
   3.6246190e-01
   3.8543622e-01
   4.0213093e-01
   3.9250521e-01
   4.1449333e-01
   4.2722489e-01
   4.3892660e-01
   4.5445113e-01
   4.5417572e-01
   4.7588907e-01
   4.7752265e-01
   4.9406416e-01
   4.9894797e-01
   5.0096590e-01
   4.9969701e-01
   5.1937168e-01
   5.2272808e-01
   5.3417712e-01
   5.4070155e-01
   5.5284561e-01
   5.5333202e-01
   5.6341737e-01
   5.6939416e-01
   5.6047295e-01
   5.7671339e-01
   5.9227302e-01
   5.9861621e-01
   6.0033579e-01
   6.0199448e-01
   6.1316635e-01
   6.0865690e-01
   6.2675254e-01
   6.1575233e-01
   6.4531502e-01
   6.4885508e-01
   6.3391208e-01
   6.4178744e-01
   6.6022763e-01
   6.5240772e-01
   6.4551507e-01
   6.7084142e-01
   6.6368515e-01
   6.6701837e-01
   6.6872328e-01
   6.8336826e-01
   6.7056786e-01
   6.9101621e-01
   6.7495383e-01
   6.9227328e-01
   6.9038827e-01
   6.8336826e-01
   7.1082303e-01
   6.9514253e-01
   6.9353194e-01
   6.9339201e-01
   7.0387067e-01
   7.1431742e-01
   6.9458203e-01
   7.2242276e-01
   7.1782406e-01
   7.2350364e-01
   7.0826348e-01
   7.1446030e-01
   7.2972338e-01
   7.2820103e-01
   7.2537995e-01
   7.2184676e-01
   7.1603342e-01
   7.2516327e-01
   7.3124805e-01
   7.3037652e-01
   7.2206272e-01
   7.0975575e-01
   7.2957829e-01
   7.3905289e-01
   7.2950576e-01
   7.3773566e-01
   7.4448649e-01
   7.2523550e-01
   7.1739401e-01
   7.2639173e-01
   7.3678540e-01
   7.2487445e-01
   7.4750976e-01
   7.3876002e-01
   7.4139893e-01
   7.3612806e-01
   7.3241126e-01
   7.2812860e-01
   7.3846724e-01
   7.3598204e-01
   7.2856329e-01
   7.1096542e-01
   7.2480225e-01
   7.2725979e-01
   7.2566893e-01
   7.1481761e-01
   7.3357583e-01
   7.1897175e-01
   7.0627724e-01
   7.2004891e-01
   6.9451199e-01
   6.9283249e-01
   6.9087664e-01
   6.9416186e-01
   6.9311221e-01
   6.8524007e-01
   6.8976072e-01
   6.9444195e-01
   6.8426906e-01
   6.9192394e-01
   6.8941225e-01
   6.7784262e-01
   6.6708651e-01
   6.6967931e-01
   6.7090982e-01
   6.5234057e-01
   6.6171764e-01
   6.4278455e-01
   6.3972990e-01
   6.4691651e-01
   6.3206804e-01
   6.2466035e-01
   6.2891470e-01
   6.0968584e-01
   6.2283327e-01
   6.0878546e-01
   5.9296880e-01
   5.8735312e-01
   5.8534168e-01
   5.8026823e-01
   5.6871458e-01
   5.5765932e-01
   5.5564571e-01
   5.5454909e-01
   5.4981089e-01
   5.2971243e-01
   5.2396750e-01
   5.2113681e-01
   5.1304292e-01
   5.0188974e-01
   4.9572772e-01
   4.8091095e-01
   4.6692392e-01
   4.6174963e-01
   4.5467152e-01
   4.3146912e-01
   4.1948140e-01
   4.1709039e-01
   3.9915528e-01
   3.8307385e-01
   3.7266400e-01
   3.7683534e-01
   3.4517585e-01
   3.4098670e-01
   3.0951929e-01
   2.9386774e-01
   2.8155760e-01
   2.5960187e-01
   2.3767421e-01
   2.1691192e-01
   2.1995751e-01
   1.8371438e-01
   1.7226563e-01
   1.4376013e-01
   1.1189031e-01
   8.9994729e-02
   7.2696672e-02
   5.0309065e-02
   1.2598703e-02
  -1.9531736e-02
  -3.8016173e-02
  -7.9108811e-02
  -1.1309760e-01
  -1.5571317e-01
  -1.8865455e-01
  -2.3902654e-01
  -2.9633486e-01
  -3.4438430e-01
  -4.0099046e-01
  -4.6067100e-01
  -5.3795557e-01
  -6.0676191e-01
  -6.9527815e-01
  -7.9031546e-01
  -9.0539755e-01
  -1.0563856e+00
  -1.2327759e+00
  -1.4746418e+00
  -1.8402248e+00
  -2.7598793e+00
