  -5.8748644e+00
  -3.5900975e+00
  -3.0504402e+00
  -2.7086905e+00
  -2.4609263e+00
  -2.2624802e+00
  -2.0987210e+00
  -1.9605278e+00
  -1.8475004e+00
  -1.7399664e+00
  -1.6467056e+00
  -1.5669791e+00
  -1.4838242e+00
  -1.4154321e+00
  -1.3541625e+00
  -1.2926188e+00
  -1.2348254e+00
  -1.1851370e+00
  -1.1388480e+00
  -1.0864179e+00
  -1.0459034e+00
  -1.0103351e+00
  -9.6858225e-01
  -9.3532898e-01
  -8.9598102e-01
  -8.6231042e-01
  -8.3408518e-01
  -8.0074835e-01
  -7.7545240e-01
  -7.4226793e-01
  -7.1675742e-01
  -6.9726227e-01
  -6.7370187e-01
  -6.5484315e-01
  -6.2323788e-01
  -5.9884117e-01
  -5.8297293e-01
  -5.6186836e-01
  -5.4823526e-01
  -5.1918509e-01
  -5.0193830e-01
  -4.8355040e-01
  -4.6462216e-01
  -4.4978502e-01
  -4.4174570e-01
  -4.2920451e-01
  -4.0379161e-01
  -3.9196932e-01
  -3.8447260e-01
  -3.5912906e-01
  -3.5504403e-01
  -3.4290910e-01
  -3.2958609e-01
  -3.1277207e-01
  -2.9830281e-01
  -2.9218517e-01
  -2.7472475e-01
  -2.7584382e-01
  -2.6993302e-01
  -2.5026843e-01
  -2.4697521e-01
  -2.3351329e-01
  -2.3490352e-01
  -2.1619870e-01
  -2.0716277e-01
  -2.1565062e-01
  -1.9247250e-01
  -1.8818502e-01
  -1.8121093e-01
  -1.7182788e-01
  -1.7884379e-01
  -1.6888800e-01
  -1.5880793e-01
  -1.5125981e-01
  -1.4598365e-01
  -1.4230321e-01
  -1.3650981e-01
  -1.3008562e-01
  -1.2457115e-01
  -1.2829238e-01
  -1.3003585e-01
  -1.1799399e-01
  -1.1339953e-01
  -1.1582562e-01
  -1.0376366e-01
  -1.0297138e-01
  -1.1539643e-01
  -1.0465742e-01
  -1.0330370e-01
  -9.9539440e-02
  -9.6584697e-02
  -9.5580668e-02
  -9.3776032e-02
  -9.6430296e-02
  -1.0199934e-01
  -1.0023190e-01
  -1.0097512e-01
  -9.6121424e-02
  -9.9949844e-02
  -9.6353087e-02
  -9.6919149e-02
  -9.4291974e-02
  -1.0297138e-01
  -1.0593283e-01
  -1.0358482e-01
  -1.0847879e-01
  -1.0419787e-01
  -9.9975488e-02
  -1.0855507e-01
  -1.0182018e-01
  -1.0842793e-01
  -1.1122116e-01
  -1.0774113e-01
  -1.1922737e-01
  -1.0030881e-01
  -1.1137329e-01
  -1.0845336e-01
  -1.1058702e-01
  -1.0697746e-01
  -1.0557588e-01
  -1.0901262e-01
  -1.0258779e-01
  -1.1864863e-01
  -1.2035872e-01
  -1.2166446e-01
  -1.2687046e-01
  -1.2771887e-01
  -1.3309202e-01
  -1.3001096e-01
  -1.3438125e-01
  -1.4304038e-01
  -1.5536859e-01
  -1.4769657e-01
  -1.6730694e-01
  -1.5067494e-01
  -1.5008973e-01
  -1.4220488e-01
  -1.3408388e-01
  -1.3586677e-01
  -1.2434593e-01
  -1.2346961e-01
  -1.1372841e-01
  -1.0941915e-01
  -9.6687617e-02
  -1.0817362e-01
  -8.3426953e-02
  -8.5354438e-02
  -8.0057968e-02
  -7.4785894e-02
  -6.6812044e-02
  -6.5485713e-02
  -6.2401834e-02
  -5.8453373e-02
  -5.6500064e-02
  -5.2501293e-02
  -4.1822486e-02
  -3.4511634e-02
  -3.5168521e-02
  -3.8828227e-02
  -1.9088299e-02
  -2.3333412e-02
  -1.5746143e-02
  -2.2308467e-02
  -3.8469201e-03
  -9.5335522e-03
  -1.1552679e-02
  -1.0683832e-02
  -7.9884128e-03
  -3.2538757e-03
   1.3612775e-03
   2.7812482e-03
   1.1888441e-02
   1.2146591e-02
   1.4904342e-02
   1.7842809e-02
   3.4351125e-03
   2.4239265e-02
   2.9450263e-02
   1.9199720e-02
   2.9012544e-02
   2.1166175e-02
   2.9537830e-02
   3.2988227e-02
   2.8021088e-02
   3.0793800e-02
   3.8893149e-02
   3.5392991e-02
   3.5833513e-02
   4.1578031e-02
   3.0413922e-02
   4.1548488e-02
   3.4013943e-02
   3.8304030e-02
   3.5158125e-02
   1.4329183e-02
   2.1137229e-02
   1.3984246e-02
   1.5192045e-02
   2.0124629e-02
   0.0000000e+00
   6.1359978e-02
   1.2435482e-01
   1.6092812e-01
   1.7927109e-01
   2.0506369e-01
   2.3554836e-01
   2.5149259e-01
   2.6090295e-01
   2.8390103e-01
   2.9640167e-01
   3.0848165e-01
   3.2364288e-01
   3.4818862e-01
   3.5354214e-01
   3.7528878e-01
   3.7793210e-01
   4.0344080e-01
   4.1273249e-01
   4.2267340e-01
   4.3766279e-01
   4.4661485e-01
   4.6147555e-01
   4.7168848e-01
   4.8067679e-01
   4.8725229e-01
   5.0550233e-01
   5.0522047e-01
   5.2447463e-01
   5.1356898e-01
   5.4045103e-01
   5.4914929e-01
   5.4274042e-01
   5.6932695e-01
   5.6398268e-01
   5.7934289e-01
   5.8131762e-01
   6.0771468e-01
   5.9844264e-01
   6.1497452e-01
   6.1481728e-01
   6.1230471e-01
   6.3906057e-01
   6.4277255e-01
   6.4850198e-01
   6.5524627e-01
   6.5464614e-01
   6.7659233e-01
   6.6473229e-01
   6.8712877e-01
   6.8521500e-01
   6.9572951e-01
   7.0526508e-01
   7.0159998e-01
   7.0928924e-01
   7.1796733e-01
   7.2789442e-01
   7.3159846e-01
   7.4661313e-01
   7.5737400e-01
   7.5381431e-01
   7.3946343e-01
   7.6106773e-01
   7.5658858e-01
   7.8370743e-01
   7.7857017e-01
   7.8271506e-01
   7.8358333e-01
   7.8036212e-01
   7.9218258e-01
   7.9118177e-01
   7.9324705e-01
   8.1330657e-01
   8.0509493e-01
   8.0903319e-01
   8.1484178e-01
   8.2107073e-01
   8.2727390e-01
   8.3038998e-01
   8.2235989e-01
   8.2468457e-01
   8.4453375e-01
   8.5022122e-01
   8.5227931e-01
   8.3815739e-01
   8.4836593e-01
   8.3240762e-01
   8.5794429e-01
   8.5281112e-01
   8.6088941e-01
   8.5888043e-01
   8.6619909e-01
   8.6815532e-01
   8.5374246e-01
   8.7052138e-01
   8.8648570e-01
   8.6964190e-01
   8.7860814e-01
   8.7874461e-01
   8.7731258e-01
   8.9241757e-01
   8.8387581e-01
   8.8627941e-01
   8.9144951e-01
   9.0866788e-01
   8.9546614e-01
   8.8896453e-01
   9.1084998e-01
   8.7915414e-01
   9.0571906e-01
   8.9859364e-01
   9.0221987e-01
   9.0880852e-01
   9.0656070e-01
   8.9949896e-01
   9.0263912e-01
   8.9082769e-01
   8.9207173e-01
   9.2218878e-01
   9.0103292e-01
   9.1452101e-01
   8.9255594e-01
   9.1049771e-01
   9.0845696e-01
   9.1056815e-01
   8.9255594e-01
   8.9609086e-01
   9.0417791e-01
   8.9151863e-01
   9.0263912e-01
   8.9041335e-01
   8.8380722e-01
   9.0557886e-01
   9.0138188e-01
   8.9650755e-01
   8.9131130e-01
   8.9998679e-01
   8.7615482e-01
   8.8875772e-01
   8.8930930e-01
   8.9082769e-01
   8.6815532e-01
   8.5580782e-01
   8.5460806e-01
   8.4697672e-01
   8.7316446e-01
   8.6417944e-01
   8.5115015e-01
   8.3874730e-01
   8.3894402e-01
   8.2358613e-01
   8.3084522e-01
   8.0757041e-01
   8.0655409e-01
   8.0744332e-01
   8.1330657e-01
   7.9978384e-01
   7.8687720e-01
   7.9544216e-01
   7.8116645e-01
   7.7937306e-01
   7.6880200e-01
   7.5689059e-01
   7.4041378e-01
   7.4882797e-01
   7.3065645e-01
   7.1663179e-01
   7.0137136e-01
   6.9572951e-01
   6.9669605e-01
   6.9737888e-01
   6.6027965e-01
   6.7053389e-01
   6.3397232e-01
   6.1649584e-01
   6.1240928e-01
   5.9900996e-01
   5.8081091e-01
   5.5283706e-01
   5.3448434e-01
   5.0874947e-01
   5.1281144e-01
   4.7861650e-01
   4.6363596e-01
   4.0922731e-01
   3.8899388e-01
   3.5673568e-01
   3.2560336e-01
   2.9392703e-01
   2.4745541e-01
   2.0624728e-01
   1.6982241e-01
   1.1280395e-01
   4.6375624e-02
  -1.7474318e-02
  -1.0419787e-01
  -1.9755611e-01
  -3.2633990e-01
  -4.7526819e-01
  -7.0521800e-01
  -1.0368806e+00
