  -6.4394697e+00
  -4.0030590e+00
  -3.4723809e+00
  -3.1360898e+00
  -2.8912294e+00
  -2.7011521e+00
  -2.5471610e+00
  -2.4085493e+00
  -2.2991657e+00
  -2.2005983e+00
  -2.1053794e+00
  -2.0264100e+00
  -1.9503003e+00
  -1.8870249e+00
  -1.8260437e+00
  -1.7701637e+00
  -1.7072549e+00
  -1.6663437e+00
  -1.6194043e+00
  -1.5745655e+00
  -1.5373101e+00
  -1.4947124e+00
  -1.4605737e+00
  -1.4222844e+00
  -1.3897065e+00
  -1.3596544e+00
  -1.3337881e+00
  -1.3072109e+00
  -1.2734994e+00
  -1.2552782e+00
  -1.2238362e+00
  -1.2077719e+00
  -1.1861387e+00
  -1.1619135e+00
  -1.1434787e+00
  -1.1177402e+00
  -1.1043148e+00
  -1.0809164e+00
  -1.0670246e+00
  -1.0547590e+00
  -1.0375920e+00
  -1.0204126e+00
  -1.0097120e+00
  -9.9385857e-01
  -9.7853813e-01
  -9.6719771e-01
  -9.5046746e-01
  -9.3654777e-01
  -9.2560789e-01
  -9.1475996e-01
  -9.0812519e-01
  -8.9329696e-01
  -8.9186975e-01
  -8.7733716e-01
  -8.7006512e-01
  -8.5699108e-01
  -8.5027585e-01
  -8.4821706e-01
  -8.4010494e-01
  -8.2995829e-01
  -8.2541541e-01
  -8.2368058e-01
  -8.1046749e-01
  -8.0988960e-01
  -8.0742983e-01
  -7.9642521e-01
  -7.8793375e-01
  -7.8833655e-01
  -7.8479982e-01
  -7.8853789e-01
  -7.8510962e-01
  -7.8053375e-01
  -7.8350572e-01
  -7.7681990e-01
  -7.8461120e-01
  -7.8008719e-01
  -7.7535225e-01
  -7.7513464e-01
  -7.8299301e-01
  -7.8123702e-01
  -7.7970814e-01
  -7.9068298e-01
  -7.7729507e-01
  -7.9050886e-01
  -7.8386986e-01
  -7.8790690e-01
  -7.8351921e-01
  -7.9248933e-01
  -7.8844394e-01
  -7.9187420e-01
  -7.8853789e-01
  -7.9642521e-01
  -7.9032132e-01
  -7.9864647e-01
  -7.9558597e-01
  -8.0228028e-01
  -8.0358999e-01
  -8.0733764e-01
  -8.1257920e-01
  -8.0550516e-01
  -8.0542598e-01
  -8.1506556e-01
  -8.0213466e-01
  -8.0563710e-01
  -8.0513562e-01
  -8.0521482e-01
  -7.9796865e-01
  -7.9993441e-01
  -7.9892544e-01
  -7.9097757e-01
  -7.8227748e-01
  -7.7722720e-01
  -7.8222346e-01
  -7.7643961e-01
  -7.7582812e-01
  -7.6918638e-01
  -7.6283079e-01
  -7.6558114e-01
  -7.5744575e-01
  -7.5797172e-01
  -7.5236558e-01
  -7.4532743e-01
  -7.4169124e-01
  -7.3984704e-01
  -7.3202428e-01
  -7.3461978e-01
  -7.3310301e-01
  -7.2141648e-01
  -7.2519851e-01
  -7.1223159e-01
  -7.1186939e-01
  -6.9868328e-01
  -6.9910900e-01
  -6.9307336e-01
  -6.7792786e-01
  -6.7278778e-01
  -6.4761098e-01
  -6.3704778e-01
  -6.3181823e-01
  -6.2214854e-01
  -5.9999914e-01
  -5.9328361e-01
  -5.7883883e-01
  -5.6413195e-01
  -5.6100269e-01
  -5.5109634e-01
  -5.4327152e-01
  -5.2598840e-01
  -5.1475706e-01
  -4.9867473e-01
  -4.8647726e-01
  -4.8502388e-01
  -4.7013281e-01
  -4.6926513e-01
  -4.5246553e-01
  -4.4327652e-01
  -4.2743760e-01
  -4.1655551e-01
  -4.1708103e-01
  -3.9971011e-01
  -3.8261636e-01
  -3.7777080e-01
  -3.6733401e-01
  -3.5738634e-01
  -3.5332962e-01
  -3.3640896e-01
  -3.3971516e-01
  -3.1638187e-01
  -3.0314583e-01
  -3.0558522e-01
  -2.9160909e-01
  -2.8152110e-01
  -2.7627069e-01
  -2.6546001e-01
  -2.5597243e-01
  -2.4260161e-01
  -2.3392240e-01
  -2.3045765e-01
  -2.2096193e-01
  -2.0852669e-01
  -2.0143011e-01
  -1.9121442e-01
  -1.8173080e-01
  -1.6797133e-01
  -1.6193704e-01
  -1.4391945e-01
  -1.4919866e-01
  -1.2858785e-01
  -1.2825023e-01
  -1.1667673e-01
  -1.1536201e-01
  -1.0174554e-01
  -8.2381848e-02
  -7.3422242e-02
  -7.0344387e-02
  -5.3356718e-02
  -3.8607230e-02
  -3.6787290e-02
  -1.5703601e-02
   0.0000000e+00
   4.5613464e-02
   9.3537059e-02
   1.2085137e-01
   1.5202194e-01
   1.6694940e-01
   1.8686160e-01
   2.1059891e-01
   2.1971668e-01
   2.5281309e-01
   2.7069058e-01
   2.9078744e-01
   2.9637172e-01
   3.1165935e-01
   3.2330084e-01
   3.3818047e-01
   3.6151675e-01
   3.7478741e-01
   3.8780128e-01
   4.1757116e-01
   4.1977040e-01
   4.4992023e-01
   4.5237751e-01
   4.6894705e-01
   4.7676496e-01
   5.0342163e-01
   5.0782800e-01
   5.1181041e-01
   5.3422840e-01
   5.4669942e-01
   5.5114739e-01
   5.6539059e-01
   5.8480867e-01
   5.9268273e-01
   5.9487507e-01
   6.1838135e-01
   6.2641485e-01
   6.3685533e-01
   6.4718032e-01
   6.6046691e-01
   6.5949567e-01
   6.6798294e-01
   6.8207625e-01
   6.9951616e-01
   7.1303958e-01
   7.2729823e-01
   7.2296883e-01
   7.2858236e-01
   7.4368699e-01
   7.6154965e-01
   7.5279782e-01
   7.8102601e-01
   7.8905402e-01
   7.8996448e-01
   8.1366539e-01
   8.2008166e-01
   8.1266655e-01
   8.2579731e-01
   8.3807823e-01
   8.5279550e-01
   8.7040848e-01
   8.6401239e-01
   8.6942180e-01
   8.8941464e-01
   8.9981710e-01
   9.0805660e-01
   8.9909120e-01
   9.3131519e-01
   9.2697808e-01
   9.3838448e-01
   9.4702548e-01
   9.5881825e-01
   9.6701692e-01
   9.6051434e-01
   9.7426587e-01
   9.7246822e-01
   9.8987640e-01
   9.9865539e-01
   1.0124576e+00
   1.0225868e+00
   1.0101034e+00
   1.0210281e+00
   1.0267828e+00
   1.0462639e+00
   1.0407307e+00
   1.0507295e+00
   1.0547911e+00
   1.0663894e+00
   1.0699986e+00
   1.0839557e+00
   1.0812531e+00
   1.0958993e+00
   1.1197706e+00
   1.1102253e+00
   1.1205853e+00
   1.1317861e+00
   1.1109425e+00
   1.1399696e+00
   1.1434843e+00
   1.1603024e+00
   1.1344453e+00
   1.1594547e+00
   1.1683437e+00
   1.1712925e+00
   1.1716737e+00
   1.1842368e+00
   1.1753017e+00
   1.2096486e+00
   1.1943241e+00
   1.2021535e+00
   1.2067820e+00
   1.2163031e+00
   1.2138149e+00
   1.2249100e+00
   1.2367397e+00
   1.2168014e+00
   1.2421448e+00
   1.2478878e+00
   1.2519070e+00
   1.2388778e+00
   1.2468599e+00
   1.2614526e+00
   1.2543884e+00
   1.2806091e+00
   1.2676226e+00
   1.2810342e+00
   1.2647943e+00
   1.2945205e+00
   1.3143274e+00
   1.2889327e+00
   1.2940895e+00
   1.3088468e+00
   1.2990566e+00
   1.2908634e+00
   1.3317346e+00
   1.3058996e+00
   1.3042661e+00
   1.3169689e+00
   1.3181818e+00
   1.3112546e+00
   1.3420776e+00
   1.3272708e+00
   1.3471759e+00
   1.3356568e+00
   1.3460407e+00
   1.3394818e+00
   1.3618214e+00
   1.3336378e+00
   1.3558458e+00
   1.3504753e+00
   1.3463811e+00
   1.3606695e+00
   1.3368927e+00
   1.3640138e+00
   1.3376800e+00
   1.3734144e+00
   1.3622826e+00
   1.3629747e+00
   1.3959376e+00
   1.3519578e+00
   1.3684130e+00
   1.3671375e+00
   1.3748147e+00
   1.3698062e+00
   1.3698062e+00
   1.3893997e+00
   1.3760999e+00
   1.3727150e+00
   1.3762169e+00
   1.3618214e+00
   1.3682969e+00
   1.3768017e+00
   1.3412868e+00
   1.3533283e+00
   1.3529855e+00
   1.3634364e+00
   1.3470623e+00
   1.3424167e+00
   1.3471759e+00
   1.3382427e+00
   1.3477440e+00
   1.3284964e+00
   1.3209441e+00
   1.2994897e+00
   1.3017665e+00
   1.2950594e+00
   1.2789102e+00
   1.2833759e+00
   1.2747812e+00
   1.2479907e+00
   1.2337944e+00
   1.2435775e+00
   1.2311613e+00
   1.2009752e+00
   1.1833686e+00
   1.1526992e+00
   1.1342617e+00
   1.0995281e+00
   1.0710322e+00
   1.0820370e+00
   1.4028788e+00
