  -5.0181904e+00
  -3.0822291e+00
  -2.5618218e+00
  -2.2325384e+00
  -1.9924322e+00
  -1.7964986e+00
  -1.6384938e+00
  -1.5087817e+00
  -1.3914063e+00
  -1.2763478e+00
  -1.1819969e+00
  -1.0999002e+00
  -1.0227206e+00
  -9.5749100e-01
  -8.9108819e-01
  -8.3016500e-01
  -7.7715887e-01
  -7.2059475e-01
  -6.6360614e-01
  -6.1970986e-01
  -5.7475987e-01
  -5.3698645e-01
  -4.9860415e-01
  -4.6164067e-01
  -4.2417056e-01
  -3.8701384e-01
  -3.5512726e-01
  -3.2166904e-01
  -2.9038701e-01
  -2.7346533e-01
  -2.3166674e-01
  -1.9956253e-01
  -1.9161410e-01
  -1.4348439e-01
  -1.3836929e-01
  -1.0941630e-01
  -9.0541672e-02
  -5.9259145e-02
  -3.7110747e-02
  -1.2997347e-02
  -1.0242279e-02
   2.8314746e-02
   3.0722489e-02
   4.2848938e-02
   7.5422933e-02
   9.4905658e-02
   1.0349409e-01
   1.1947594e-01
   1.4570476e-01
   1.5097136e-01
   1.6195846e-01
   1.9238824e-01
   1.9015652e-01
   2.2208764e-01
   2.1370255e-01
   2.3696138e-01
   2.4594699e-01
   2.5931641e-01
   2.8486879e-01
   2.9128503e-01
   3.0022823e-01
   3.3342886e-01
   3.3198672e-01
   3.3606771e-01
   3.4631189e-01
   3.4809318e-01
   3.7474249e-01
   3.9175801e-01
   3.9062788e-01
   3.8242297e-01
   4.0366849e-01
   4.0933881e-01
   4.3915895e-01
   4.3546930e-01
   4.5172185e-01
   4.4181277e-01
   4.5504681e-01
   4.8205219e-01
   4.5186311e-01
   4.8270761e-01
   4.9325330e-01
   4.9119402e-01
   5.0227569e-01
   5.0898413e-01
   5.0502816e-01
   5.1792382e-01
   5.2839195e-01
   5.3696912e-01
   5.3190582e-01
   5.4631895e-01
   5.4399265e-01
   5.5083188e-01
   5.6086409e-01
   5.8003045e-01
   5.7370714e-01
   5.6639333e-01
   5.9052373e-01
   5.9092952e-01
   5.8316689e-01
   6.1866679e-01
   6.0153840e-01
   6.1475191e-01
   6.2050456e-01
   6.2452601e-01
   6.2150841e-01
   6.2595417e-01
   6.4934456e-01
   6.3405753e-01
   6.3566913e-01
   6.5486753e-01
   6.3177181e-01
   6.6268617e-01
   6.5218853e-01
   6.5020551e-01
   6.6609333e-01
   6.5098101e-01
   6.6434462e-01
   6.7118196e-01
   6.6539348e-01
   6.7833209e-01
   6.7170985e-01
   6.6268617e-01
   6.7550124e-01
   6.7188587e-01
   6.8785640e-01
   6.8535528e-01
   6.8348354e-01
   6.8544450e-01
   6.8046051e-01
   6.9269772e-01
   6.8517687e-01
   6.7833209e-01
   6.6495632e-01
   6.8232660e-01
   6.8982596e-01
   6.7691566e-01
   7.0245125e-01
   6.8117099e-01
   6.9269772e-01
   7.0617904e-01
   6.8392888e-01
   6.8205980e-01
   6.9665991e-01
   6.8392888e-01
   6.9323710e-01
   7.0090965e-01
   6.7576629e-01
   6.8401797e-01
   6.7223802e-01
   6.7188587e-01
   6.8223766e-01
   6.6408258e-01
   6.7338334e-01
   6.7355966e-01
   6.5755372e-01
   6.7833209e-01
   6.7647344e-01
   6.6460673e-01
   6.5408901e-01
   6.5547346e-01
   6.3864469e-01
   6.3668833e-01
   6.5955138e-01
   6.3975216e-01
   6.4702367e-01
   6.5149834e-01
   6.2477789e-01
   6.3736837e-01
   6.4453686e-01
   6.3101107e-01
   6.1741569e-01
   6.0919749e-01
   6.1192939e-01
   5.9271698e-01
   5.7810522e-01
   5.8534405e-01
   5.9826213e-01
   5.7594374e-01
   5.5505195e-01
   5.4089930e-01
   5.5169008e-01
   5.3904788e-01
   5.3030013e-01
   5.1830120e-01
   5.2026583e-01
   5.0614619e-01
   4.8146994e-01
   4.8263477e-01
   4.6817111e-01
   4.5221635e-01
   4.4118360e-01
   4.1340882e-01
   3.9475571e-01
   3.7278261e-01
   3.4898501e-01
   3.1835820e-01
   2.8528729e-01
   2.4112936e-01
   1.7435125e-01
   0.0000000e+00
   0.0000000e+00
   1.7435125e-01
   2.4112936e-01
   2.8528729e-01
   3.1835820e-01
   3.4898501e-01
   3.7278261e-01
   3.9475571e-01
   4.1340882e-01
   4.4118360e-01
   4.5221635e-01
   4.6817111e-01
   4.8263477e-01
   4.8146994e-01
   5.0614619e-01
   5.2026583e-01
   5.1830120e-01
   5.3030013e-01
   5.3904788e-01
   5.5169008e-01
   5.4089930e-01
   5.5505195e-01
   5.7594374e-01
   5.9826213e-01
   5.8534405e-01
   5.7810522e-01
   5.9271698e-01
   6.1192939e-01
   6.0919749e-01
   6.1741569e-01
   6.3101107e-01
   6.4453686e-01
   6.3736837e-01
   6.2477789e-01
   6.5149834e-01
   6.4702367e-01
   6.3975216e-01
   6.5955138e-01
   6.3668833e-01
   6.3864469e-01
   6.5547346e-01
   6.5408901e-01
   6.6460673e-01
   6.7647344e-01
   6.7833209e-01
   6.5755372e-01
   6.7355966e-01
   6.7338334e-01
   6.6408258e-01
   6.8223766e-01
   6.7188587e-01
   6.7223802e-01
   6.8401797e-01
   6.7576629e-01
   7.0090965e-01
   6.9323710e-01
   6.8392888e-01
   6.9665991e-01
   6.8205980e-01
   6.8392888e-01
   7.0617904e-01
   6.9269772e-01
   6.8117099e-01
   7.0245125e-01
   6.7691566e-01
   6.8982596e-01
   6.8232660e-01
   6.6495632e-01
   6.7833209e-01
   6.8517687e-01
   6.9269772e-01
   6.8046051e-01
   6.8544450e-01
   6.8348354e-01
   6.8535528e-01
   6.8785640e-01
   6.7188587e-01
   6.7550124e-01
   6.6268617e-01
   6.7170985e-01
   6.7833209e-01
   6.6539348e-01
   6.7118196e-01
   6.6434462e-01
   6.5098101e-01
   6.6609333e-01
   6.5020551e-01
   6.5218853e-01
   6.6268617e-01
   6.3177181e-01
   6.5486753e-01
   6.3566913e-01
   6.3405753e-01
   6.4934456e-01
   6.2595417e-01
   6.2150841e-01
   6.2452601e-01
   6.2050456e-01
   6.1475191e-01
   6.0153840e-01
   6.1866679e-01
   5.8316689e-01
   5.9092952e-01
   5.9052373e-01
   5.6639333e-01
   5.7370714e-01
   5.8003045e-01
   5.6086409e-01
   5.5083188e-01
   5.4399265e-01
   5.4631895e-01
   5.3190582e-01
   5.3696912e-01
   5.2839195e-01
   5.1792382e-01
   5.0502816e-01
   5.0898413e-01
   5.0227569e-01
   4.9119402e-01
   4.9325330e-01
   4.8270761e-01
   4.5186311e-01
   4.8205219e-01
   4.5504681e-01
   4.4181277e-01
   4.5172185e-01
   4.3546930e-01
   4.3915895e-01
   4.0933881e-01
   4.0366849e-01
   3.8242297e-01
   3.9062788e-01
   3.9175801e-01
   3.7474249e-01
   3.4809318e-01
   3.4631189e-01
   3.3606771e-01
   3.3198672e-01
   3.3342886e-01
   3.0022823e-01
   2.9128503e-01
   2.8486879e-01
   2.5931641e-01
   2.4594699e-01
   2.3696138e-01
   2.1370255e-01
   2.2208764e-01
   1.9015652e-01
   1.9238824e-01
   1.6195846e-01
   1.5097136e-01
   1.4570476e-01
   1.1947594e-01
   1.0349409e-01
   9.4905658e-02
   7.5422933e-02
   4.2848938e-02
   3.0722489e-02
   2.8314746e-02
  -1.0242279e-02
  -1.2997347e-02
  -3.7110747e-02
  -5.9259145e-02
  -9.0541672e-02
  -1.0941630e-01
  -1.3836929e-01
  -1.4348439e-01
  -1.9161410e-01
  -1.9956253e-01
  -2.3166674e-01
  -2.7346533e-01
  -2.9038701e-01
  -3.2166904e-01
  -3.5512726e-01
  -3.8701384e-01
  -4.2417056e-01
  -4.6164067e-01
  -4.9860415e-01
  -5.3698645e-01
  -5.7475987e-01
  -6.1970986e-01
  -6.6360614e-01
  -7.2059475e-01
  -7.7715887e-01
  -8.3016500e-01
  -8.9108819e-01
  -9.5749100e-01
  -1.0227206e+00
  -1.0999002e+00
  -1.1819969e+00
  -1.2763478e+00
  -1.3914063e+00
  -1.5087817e+00
  -1.6384938e+00
  -1.7964986e+00
  -1.9924322e+00
  -2.2325384e+00
  -2.5618218e+00
  -3.0822291e+00
  -5.0181904e+00
