  -4.5594943e+00
  -2.7607180e+00
  -2.2719980e+00
  -1.9534305e+00
  -1.7260370e+00
  -1.5469302e+00
  -1.3971096e+00
  -1.2650242e+00
  -1.1565855e+00
  -1.0505372e+00
  -9.7149101e-01
  -8.8848338e-01
  -8.1987004e-01
  -7.5954077e-01
  -6.9915735e-01
  -6.3980239e-01
  -5.8142090e-01
  -5.2806299e-01
  -5.0361190e-01
  -4.4277590e-01
  -4.1558582e-01
  -3.6574817e-01
  -3.2553456e-01
  -2.9379258e-01
  -2.6632791e-01
  -2.4149164e-01
  -2.0593254e-01
  -1.6000929e-01
  -1.5912408e-01
  -1.1737915e-01
  -6.6555522e-02
  -6.5529521e-02
  -4.7264422e-02
  -1.7838218e-02
   2.1693078e-02
   2.0632507e-02
   5.2280529e-02
   7.1736754e-02
   8.3206056e-02
   9.7730181e-02
   1.1978966e-01
   1.4928799e-01
   1.4902013e-01
   1.7170605e-01
   1.9828915e-01
   2.0011962e-01
   2.1760656e-01
   2.2415358e-01
   2.5063066e-01
   2.8095540e-01
   2.7379946e-01
   2.8823987e-01
   3.0562891e-01
   3.1570298e-01
   3.3640301e-01
   3.3874768e-01
   3.5219367e-01
   3.7316854e-01
   3.8132841e-01
   4.0241237e-01
   4.0249864e-01
   3.9168680e-01
   4.1552418e-01
   4.3931693e-01
   4.1841272e-01
   4.5474140e-01
   4.7336665e-01
   4.4488198e-01
   4.7271859e-01
   4.8848311e-01
   4.8061642e-01
   4.9036528e-01
   5.0116186e-01
   4.7865938e-01
   5.2603541e-01
   5.1883764e-01
   5.1506496e-01
   5.4764561e-01
   5.4088546e-01
   5.4714698e-01
   5.5144333e-01
   5.5234491e-01
   5.7146827e-01
   5.7044724e-01
   5.9451243e-01
   5.9545371e-01
   5.8400956e-01
   5.9398989e-01
   5.9472153e-01
   5.9681489e-01
   6.1895680e-01
   6.1127349e-01
   6.2142369e-01
   6.1564147e-01
   6.2702353e-01
   6.3537363e-01
   6.4423341e-01
   6.2282071e-01
   6.4456306e-01
   6.4819643e-01
   6.3689935e-01
   6.5683722e-01
   6.6454375e-01
   6.5428153e-01
   6.6690105e-01
   6.7197119e-01
   6.7411967e-01
   6.6040388e-01
   6.7865791e-01
   6.7706718e-01
   6.6185648e-01
   6.8344533e-01
   6.5106840e-01
   6.6387125e-01
   6.8630591e-01
   6.8997943e-01
   6.8596221e-01
   6.8733773e-01
   7.0714723e-01
   6.9505266e-01
   6.9343566e-01
   6.9736721e-01
   7.0457654e-01
   6.9251283e-01
   6.9262813e-01
   7.2354395e-01
   7.0364338e-01
   6.9783076e-01
   6.9829453e-01
   6.8207516e-01
   6.9435934e-01
   6.9817856e-01
   6.8184698e-01
   7.1348528e-01
   7.1277907e-01
   7.0329367e-01
   6.8504625e-01
   7.1113317e-01
   7.1230854e-01
   7.0224526e-01
   7.1678756e-01
   6.8093478e-01
   6.6420744e-01
   6.7627276e-01
   7.1054601e-01
   6.9609354e-01
   6.8344533e-01
   6.7774861e-01
   7.1066341e-01
   6.8218927e-01
   6.8710834e-01
   6.8344533e-01
   6.6364719e-01
   6.8699367e-01
   6.7016553e-01
   6.5705977e-01
   6.5683722e-01
   6.5717106e-01
   6.7378013e-01
   6.5705977e-01
   6.6960193e-01
   6.3755394e-01
   6.5861896e-01
   6.4522269e-01
   6.3580931e-01
   6.4467297e-01
   6.3537363e-01
   6.2864471e-01
   6.2745559e-01
   6.1340183e-01
   6.1799315e-01
   5.8981930e-01
   5.8659902e-01
   5.8950721e-01
   5.8753288e-01
   5.7628114e-01
   5.8183957e-01
   5.6708521e-01
   5.6535765e-01
   5.5968790e-01
   5.5284614e-01
   5.1400344e-01
   5.0201921e-01
   5.2213829e-01
   4.9916424e-01
   4.8585400e-01
   4.8651063e-01
   4.6800966e-01
   4.7096169e-01
   4.4245468e-01
   4.3289293e-01
   3.9673494e-01
   3.9527778e-01
   3.7518128e-01
   3.3834304e-01
   3.0641230e-01
   2.8808596e-01
   2.3525876e-01
   1.7020034e-01
   0.0000000e+00
   0.0000000e+00
   1.7020034e-01
   2.3525876e-01
   2.8808596e-01
   3.0641230e-01
   3.3834304e-01
   3.7518128e-01
   3.9527778e-01
   3.9673494e-01
   4.3289293e-01
   4.4245468e-01
   4.7096169e-01
   4.6800966e-01
   4.8651063e-01
   4.8585400e-01
   4.9916424e-01
   5.2213829e-01
   5.0201921e-01
   5.1400344e-01
   5.5284614e-01
   5.5968790e-01
   5.6535765e-01
   5.6708521e-01
   5.8183957e-01
   5.7628114e-01
   5.8753288e-01
   5.8950721e-01
   5.8659902e-01
   5.8981930e-01
   6.1799315e-01
   6.1340183e-01
   6.2745559e-01
   6.2864471e-01
   6.3537363e-01
   6.4467297e-01
   6.3580931e-01
   6.4522269e-01
   6.5861896e-01
   6.3755394e-01
   6.6960193e-01
   6.5705977e-01
   6.7378013e-01
   6.5717106e-01
   6.5683722e-01
   6.5705977e-01
   6.7016553e-01
   6.8699367e-01
   6.6364719e-01
   6.8344533e-01
   6.8710834e-01
   6.8218927e-01
   7.1066341e-01
   6.7774861e-01
   6.8344533e-01
   6.9609354e-01
   7.1054601e-01
   6.7627276e-01
   6.6420744e-01
   6.8093478e-01
   7.1678756e-01
   7.0224526e-01
   7.1230854e-01
   7.1113317e-01
   6.8504625e-01
   7.0329367e-01
   7.1277907e-01
   7.1348528e-01
   6.8184698e-01
   6.9817856e-01
   6.9435934e-01
   6.8207516e-01
   6.9829453e-01
   6.9783076e-01
   7.0364338e-01
   7.2354395e-01
   6.9262813e-01
   6.9251283e-01
   7.0457654e-01
   6.9736721e-01
   6.9343566e-01
   6.9505266e-01
   7.0714723e-01
   6.8733773e-01
   6.8596221e-01
   6.8997943e-01
   6.8630591e-01
   6.6387125e-01
   6.5106840e-01
   6.8344533e-01
   6.6185648e-01
   6.7706718e-01
   6.7865791e-01
   6.6040388e-01
   6.7411967e-01
   6.7197119e-01
   6.6690105e-01
   6.5428153e-01
   6.6454375e-01
   6.5683722e-01
   6.3689935e-01
   6.4819643e-01
   6.4456306e-01
   6.2282071e-01
   6.4423341e-01
   6.3537363e-01
   6.2702353e-01
   6.1564147e-01
   6.2142369e-01
   6.1127349e-01
   6.1895680e-01
   5.9681489e-01
   5.9472153e-01
   5.9398989e-01
   5.8400956e-01
   5.9545371e-01
   5.9451243e-01
   5.7044724e-01
   5.7146827e-01
   5.5234491e-01
   5.5144333e-01
   5.4714698e-01
   5.4088546e-01
   5.4764561e-01
   5.1506496e-01
   5.1883764e-01
   5.2603541e-01
   4.7865938e-01
   5.0116186e-01
   4.9036528e-01
   4.8061642e-01
   4.8848311e-01
   4.7271859e-01
   4.4488198e-01
   4.7336665e-01
   4.5474140e-01
   4.1841272e-01
   4.3931693e-01
   4.1552418e-01
   3.9168680e-01
   4.0249864e-01
   4.0241237e-01
   3.8132841e-01
   3.7316854e-01
   3.5219367e-01
   3.3874768e-01
   3.3640301e-01
   3.1570298e-01
   3.0562891e-01
   2.8823987e-01
   2.7379946e-01
   2.8095540e-01
   2.5063066e-01
   2.2415358e-01
   2.1760656e-01
   2.0011962e-01
   1.9828915e-01
   1.7170605e-01
   1.4902013e-01
   1.4928799e-01
   1.1978966e-01
   9.7730181e-02
   8.3206056e-02
   7.1736754e-02
   5.2280529e-02
   2.0632507e-02
   2.1693078e-02
  -1.7838218e-02
  -4.7264422e-02
  -6.5529521e-02
  -6.6555522e-02
  -1.1737915e-01
  -1.5912408e-01
  -1.6000929e-01
  -2.0593254e-01
  -2.4149164e-01
  -2.6632791e-01
  -2.9379258e-01
  -3.2553456e-01
  -3.6574817e-01
  -4.1558582e-01
  -4.4277590e-01
  -5.0361190e-01
  -5.2806299e-01
  -5.8142090e-01
  -6.3980239e-01
  -6.9915735e-01
  -7.5954077e-01
  -8.1987004e-01
  -8.8848338e-01
  -9.7149101e-01
  -1.0505372e+00
  -1.1565855e+00
  -1.2650242e+00
  -1.3971096e+00
  -1.5469302e+00
  -1.7260370e+00
  -1.9534305e+00
  -2.2719980e+00
  -2.7607180e+00
  -4.5594943e+00
