  -6.6549191e+00
  -4.1923376e+00
  -3.6630191e+00
  -3.3303554e+00
  -3.0897810e+00
  -2.8994869e+00
  -2.7432786e+00
  -2.6115332e+00
  -2.4969221e+00
  -2.3982206e+00
  -2.3074332e+00
  -2.2290093e+00
  -2.1555671e+00
  -2.0919083e+00
  -2.0268813e+00
  -1.9732530e+00
  -1.9207651e+00
  -1.8716012e+00
  -1.8282262e+00
  -1.7836971e+00
  -1.7445692e+00
  -1.7061572e+00
  -1.6697085e+00
  -1.6340039e+00
  -1.6072943e+00
  -1.5751704e+00
  -1.5499522e+00
  -1.5195546e+00
  -1.4895500e+00
  -1.4721966e+00
  -1.4429255e+00
  -1.4205769e+00
  -1.4020362e+00
  -1.3767273e+00
  -1.3617279e+00
  -1.3389125e+00
  -1.3199418e+00
  -1.3028504e+00
  -1.2886846e+00
  -1.2746219e+00
  -1.2552614e+00
  -1.2443848e+00
  -1.2254472e+00
  -1.2146512e+00
  -1.1994316e+00
  -1.1841248e+00
  -1.1799912e+00
  -1.1667240e+00
  -1.1485755e+00
  -1.1464156e+00
  -1.1373773e+00
  -1.1230041e+00
  -1.1186200e+00
  -1.1055325e+00
  -1.0971493e+00
  -1.0891185e+00
  -1.0853784e+00
  -1.0753505e+00
  -1.0795227e+00
  -1.0707740e+00
  -1.0633632e+00
  -1.0579144e+00
  -1.0507682e+00
  -1.0489397e+00
  -1.0471193e+00
  -1.0539431e+00
  -1.0428661e+00
  -1.0424000e+00
  -1.0459415e+00
  -1.0445469e+00
  -1.0473456e+00
  -1.0361720e+00
  -1.0389943e+00
  -1.0357600e+00
  -1.0433888e+00
  -1.0407840e+00
  -1.0437068e+00
  -1.0410915e+00
  -1.0413761e+00
  -1.0438090e+00
  -1.0477076e+00
  -1.0530434e+00
  -1.0540330e+00
  -1.0525483e+00
  -1.0579703e+00
  -1.0563345e+00
  -1.0580823e+00
  -1.0567269e+00
  -1.0605978e+00
  -1.0606648e+00
  -1.0588544e+00
  -1.0645539e+00
  -1.0522668e+00
  -1.0593800e+00
  -1.0658877e+00
  -1.0617919e+00
  -1.0632407e+00
  -1.0568838e+00
  -1.0649542e+00
  -1.0627394e+00
  -1.0653322e+00
  -1.0602628e+00
  -1.0501478e+00
  -1.0532347e+00
  -1.0496625e+00
  -1.0456129e+00
  -1.0409776e+00
  -1.0407498e+00
  -1.0326301e+00
  -1.0248144e+00
  -1.0212087e+00
  -1.0131974e+00
  -1.0026870e+00
  -1.0045547e+00
  -9.9978404e-01
  -9.8967054e-01
  -9.8716215e-01
  -9.7527920e-01
  -9.8199356e-01
  -9.6423747e-01
  -9.6168904e-01
  -9.5486130e-01
  -9.4666106e-01
  -9.3365023e-01
  -9.3761043e-01
  -9.2863004e-01
  -9.1949113e-01
  -9.1384329e-01
  -9.0989151e-01
  -8.9405825e-01
  -8.9368887e-01
  -8.7684374e-01
  -8.7499027e-01
  -8.5853535e-01
  -8.4937804e-01
  -8.3070959e-01
  -8.1071162e-01
  -8.0308458e-01
  -7.9885753e-01
  -7.7721287e-01
  -7.6123883e-01
  -7.4755889e-01
  -7.3364276e-01
  -7.1501286e-01
  -7.0769784e-01
  -6.9351797e-01
  -6.8243178e-01
  -6.6319551e-01
  -6.4375136e-01
  -6.3879237e-01
  -6.3317538e-01
  -6.1335974e-01
  -6.0822978e-01
  -5.9836896e-01
  -5.8354594e-01
  -5.7234636e-01
  -5.5266745e-01
  -5.3486282e-01
  -5.3418256e-01
  -5.1863791e-01
  -5.0536069e-01
  -5.0165734e-01
  -4.7732543e-01
  -4.7007619e-01
  -4.5982592e-01
  -4.3517199e-01
  -4.3354282e-01
  -4.1977737e-01
  -4.1094311e-01
  -4.0207325e-01
  -3.8519154e-01
  -3.7657621e-01
  -3.6531563e-01
  -3.4377975e-01
  -3.4128413e-01
  -3.2198020e-01
  -3.1583817e-01
  -3.0700465e-01
  -2.9037926e-01
  -2.8394230e-01
  -2.7081975e-01
  -2.6603635e-01
  -2.3890440e-01
  -2.3875202e-01
  -2.2815532e-01
  -2.0567430e-01
  -1.9280635e-01
  -1.8843546e-01
  -1.7309360e-01
  -1.5486450e-01
  -1.5960424e-01
  -1.3820859e-01
  -1.1513873e-01
  -1.0372094e-01
  -9.7070581e-02
  -7.7864791e-02
  -6.7760212e-02
  -4.3232580e-02
  -1.9290943e-02
   0.0000000e+00
   3.8964046e-02
   6.9398366e-02
   1.0393184e-01
   1.1638925e-01
   1.4744399e-01
   1.7077252e-01
   1.8868184e-01
   2.0834661e-01
   2.2262771e-01
   2.4520129e-01
   2.4742911e-01
   2.6627399e-01
   3.0218034e-01
   3.2285325e-01
   3.2615447e-01
   3.3928828e-01
   3.6084370e-01
   3.6038119e-01
   3.8457800e-01
   3.9706743e-01
   4.2513552e-01
   4.2617208e-01
   4.5890099e-01
   4.6283790e-01
   4.8647575e-01
   4.9580363e-01
   5.0741309e-01
   5.4030112e-01
   5.3936052e-01
   5.4468381e-01
   5.4624179e-01
   5.6819842e-01
   5.8994967e-01
   5.9959463e-01
   6.1295812e-01
   6.1474554e-01
   6.3061412e-01
   6.4790914e-01
   6.5589309e-01
   6.5527189e-01
   6.9459943e-01
   6.9247019e-01
   7.0557534e-01
   7.1153574e-01
   7.2044404e-01
   7.4922300e-01
   7.3958274e-01
   7.7038818e-01
   7.8089469e-01
   7.8838642e-01
   7.7527748e-01
   8.1084154e-01
   8.1200306e-01
   8.1586028e-01
   8.2501684e-01
   8.5239538e-01
   8.5292494e-01
   8.8155644e-01
   8.7071370e-01
   8.7767052e-01
   8.8953083e-01
   9.0034260e-01
   9.0431780e-01
   9.4571087e-01
   9.4413457e-01
   9.2410928e-01
   9.4845459e-01
   9.7067960e-01
   9.6923346e-01
   9.6482294e-01
   9.9996262e-01
   1.0153326e+00
   1.0077064e+00
   1.0329336e+00
   1.0270621e+00
   1.0212249e+00
   1.0378378e+00
   1.0591857e+00
   1.0630062e+00
   1.0711619e+00
   1.0806191e+00
   1.0889203e+00
   1.0846180e+00
   1.1019394e+00
   1.1115957e+00
   1.1205546e+00
   1.1159175e+00
   1.1315924e+00
   1.1352989e+00
   1.1352989e+00
   1.1604006e+00
   1.1462985e+00
   1.1767944e+00
   1.1797278e+00
   1.1953779e+00
   1.2073862e+00
   1.2252341e+00
   1.2094377e+00
   1.2227118e+00
   1.2154001e+00
   1.2307395e+00
   1.2363865e+00
   1.2464301e+00
   1.2440775e+00
   1.2504759e+00
   1.2707246e+00
   1.2789171e+00
   1.2958597e+00
   1.2942113e+00
   1.2875278e+00
   1.3086683e+00
   1.3207969e+00
   1.3079524e+00
   1.3060458e+00
   1.3323409e+00
   1.3297775e+00
   1.3307533e+00
   1.3434016e+00
   1.3597229e+00
   1.3285592e+00
   1.3550860e+00
   1.3851663e+00
   1.3624902e+00
   1.3786165e+00
   1.3801538e+00
   1.4040262e+00
   1.4007490e+00
   1.4275411e+00
   1.3961789e+00
   1.4122003e+00
   1.4209757e+00
   1.4241860e+00
   1.4451710e+00
   1.4175095e+00
   1.4378100e+00
   1.4671651e+00
   1.4556236e+00
   1.4518977e+00
   1.4848023e+00
   1.4536899e+00
   1.4596411e+00
   1.4809662e+00
   1.4825273e+00
   1.4703871e+00
   1.4969757e+00
   1.5125137e+00
   1.5145647e+00
   1.5259209e+00
   1.5164729e+00
   1.5091533e+00
   1.5205954e+00
   1.5157385e+00
   1.5244387e+00
   1.5074045e+00
   1.5113436e+00
   1.5357585e+00
   1.5091533e+00
   1.5244387e+00
   1.5315731e+00
   1.5592497e+00
   1.5686482e+00
   1.5618601e+00
   1.5583301e+00
   1.5417681e+00
   1.5564932e+00
   1.5675652e+00
   1.5900837e+00
   1.5771985e+00
   1.5534393e+00
   1.5907165e+00
   1.5980228e+00
   1.5823641e+00
   1.5897675e+00
   1.6016960e+00
   1.5999376e+00
   1.5891352e+00
   1.5845636e+00
   1.5877142e+00
   1.5759503e+00
   1.5905583e+00
   1.6085998e+00
   1.5935691e+00
   1.6119888e+00
   1.5896094e+00
   1.5896094e+00
   1.6008963e+00
   1.6105350e+00
   1.5756385e+00
   1.5792303e+00
   1.6012161e+00
   1.5621677e+00
   1.5583301e+00
   1.5671014e+00
   1.5748594e+00
   1.5869256e+00
   1.5745479e+00
   1.5745479e+00
   1.6235327e+00
   1.6769369e+00
   2.2214441e+00
