-4.145785251848822739e+00 -2.123973142081807097e+00 -1.731450524975007177e+00 -1.511426925860800630e+00 -1.387815919552532584e+00 -1.320321297747792499e+00 -1.299336213064485657e+00 -1.315685756785771598e+00 -1.385053442999378603e+00 -1.610124124017068947e+00 -1.610124124017068947e+00 -1.385053442999378603e+00 -1.315685756785771598e+00 -1.299336213064485879e+00 -1.320321297747792499e+00 -1.387815919552532584e+00 -1.511426925860800186e+00 -1.731450524975007177e+00 -2.123973142081807097e+00 -4.145785251848822739e+00
-1.780762959983888560e+00 2.410491497831275254e-01 6.335717668899274457e-01 8.535953660041339930e-01 9.772063723124020385e-01 1.044700994117142123e+00 1.065686078800448966e+00 1.049336535079163024e+00 9.799688488655560192e-01 7.548981678478656754e-01 7.548981678478656754e-01 9.799688488655560192e-01 1.049336535079163024e+00 1.065686078800448744e+00 1.044700994117142123e+00 9.772063723124020385e-01 8.535953660041344371e-01 6.335717668899274457e-01 2.410491497831275254e-01 -1.780762959983888560e+00
-1.360027440486036188e+00 6.617846692809798981e-01 1.054307286387779818e+00 1.274330885501986366e+00 1.397941891810254411e+00 1.465436513614994496e+00 1.486421598298301339e+00 1.470072054577015397e+00 1.400704368363408392e+00 1.175633687345718048e+00 1.175633687345718048e+00 1.400704368363408392e+00 1.470072054577015397e+00 1.486421598298301117e+00 1.465436513614994496e+00 1.397941891810254411e+00 1.274330885501986810e+00 1.054307286387779818e+00 6.617846692809798981e-01 -1.360027440486036188e+00
-1.133378249331647769e+00 8.884338604353683166e-01 1.280956477542168237e+00 1.500980076656374784e+00 1.624591082964642830e+00 1.692085704769382914e+00 1.713070789452689757e+00 1.696721245731403815e+00 1.627353559517796810e+00 1.402282878500106467e+00 1.402282878500106467e+00 1.627353559517796810e+00 1.696721245731403815e+00 1.713070789452689535e+00 1.692085704769382914e+00 1.624591082964642830e+00 1.500980076656375228e+00 1.280956477542168237e+00 8.884338604353683166e-01 -1.133378249331647769e+00
-9.998128250104385550e-01 1.021999284756577531e+00 1.414521901863377451e+00 1.634545500977583998e+00 1.758156507285852044e+00 1.825651129090592129e+00 1.846636213773898971e+00 1.830286670052613029e+00 1.760918983839006025e+00 1.535848302821315681e+00 1.535848302821315681e+00 1.760918983839006025e+00 1.830286670052613029e+00 1.846636213773898749e+00 1.825651129090592129e+00 1.758156507285852044e+00 1.634545500977584442e+00 1.414521901863377451e+00 1.021999284756577531e+00 -9.998128250104385550e-01
-9.409227557326755864e-01 1.080889354034340499e+00 1.473411971141140420e+00 1.693435570255346967e+00 1.817046576563615012e+00 1.884541198368355097e+00 1.905526283051661940e+00 1.889176739330375998e+00 1.819809053116768993e+00 1.594738372099078649e+00 1.594738372099078649e+00 1.819809053116768993e+00 1.889176739330375998e+00 1.905526283051661718e+00 1.884541198368355097e+00 1.817046576563615012e+00 1.693435570255347411e+00 1.473411971141140420e+00 1.080889354034340499e+00 -9.409227557326755864e-01
-9.519768656688931685e-01 1.069835244098122917e+00 1.462357861204922838e+00 1.682381460319129385e+00 1.805992466627397430e+00 1.873487088432137515e+00 1.894472173115444358e+00 1.878122629394158416e+00 1.808754943180551411e+00 1.583684262162861067e+00 1.583684262162861067e+00 1.808754943180551411e+00 1.878122629394158416e+00 1.894472173115444136e+00 1.873487088432137515e+00 1.805992466627397430e+00 1.682381460319129829e+00 1.462357861204922838e+00 1.069835244098122917e+00 -9.519768656688931685e-01
-9.462716848251213619e-01 1.075540424941894724e+00 1.468063042048694644e+00 1.688086641162901191e+00 1.811697647471169237e+00 1.879192269275909322e+00 1.900177353959216164e+00 1.883827810237930223e+00 1.814460124024323218e+00 1.589389443006632874e+00 1.589389443006632874e+00 1.814460124024323218e+00 1.883827810237930223e+00 1.900177353959215942e+00 1.879192269275909322e+00 1.811697647471169237e+00 1.688086641162901635e+00 1.468063042048694644e+00 1.075540424941894724e+00 -9.462716848251213619e-01
-9.505132545759780172e-01 1.071298855191038069e+00 1.463821472297837989e+00 1.683845071412044536e+00 1.807456077720312582e+00 1.874950699525052666e+00 1.895935784208359509e+00 1.879586240487073567e+00 1.810218554273466562e+00 1.585147873255776219e+00 1.585147873255776219e+00 1.810218554273466562e+00 1.879586240487073567e+00 1.895935784208359287e+00 1.874950699525052666e+00 1.807456077720312582e+00 1.683845071412044980e+00 1.463821472297837989e+00 1.071298855191038069e+00 -9.505132545759780172e-01
-1.042624539240872839e+00 9.791875705261432472e-01 1.371710187632943168e+00 1.591733786747149715e+00 1.715344793055417760e+00 1.782839414860157845e+00 1.803824499543464688e+00 1.787474955822178746e+00 1.718107269608571741e+00 1.493036588590881397e+00 1.493036588590881397e+00 1.718107269608571741e+00 1.787474955822178746e+00 1.803824499543464466e+00 1.782839414860157845e+00 1.715344793055417760e+00 1.591733786747150159e+00 1.371710187632943168e+00 9.791875705261432472e-01 -1.042624539240872839e+00
-8.937787558199108418e-01 1.128033353947105244e+00 1.520555971053905164e+00 1.740579570168111712e+00 1.864190576476379757e+00 1.931685198281119842e+00 1.952670282964426685e+00 1.936320739243140743e+00 1.866953053029533738e+00 1.641882372011843394e+00 1.641882372011843394e+00 1.866953053029533738e+00 1.936320739243140743e+00 1.952670282964426463e+00 1.931685198281119842e+00 1.864190576476379757e+00 1.740579570168112156e+00 1.520555971053905164e+00 1.128033353947105244e+00 -8.937787558199108418e-01
-6.734502528153909484e-01 1.348361856951625137e+00 1.740884474058425058e+00 1.960908073172631605e+00 2.084519079480899428e+00 2.152013701285639513e+00 2.172998785968946578e+00 2.156649242247660858e+00 2.087281556034053409e+00 1.862210875016363287e+00 1.862210875016363287e+00 2.087281556034053409e+00 2.156649242247660858e+00 2.172998785968946578e+00 2.152013701285639513e+00 2.084519079480899428e+00 1.960908073172632049e+00 1.740884474058425058e+00 1.348361856951625137e+00 -6.734502528153909484e-01
-5.677877619568003631e-01 1.454024347810215723e+00 1.846546964917015643e+00 2.066570564031222190e+00 2.190181570339490236e+00 2.257676192144230320e+00 2.278661276827537385e+00 2.262311733106251221e+00 2.192944046892644216e+00 1.967873365874953873e+00 1.967873365874953873e+00 2.192944046892644216e+00 2.262311733106251221e+00 2.278661276827536941e+00 2.257676192144230320e+00 2.190181570339490236e+00 2.066570564031222634e+00 1.846546964917015643e+00 1.454024347810215723e+00 -5.677877619568003631e-01
-5.096526404355472550e-01 1.512159469331468831e+00 1.904682086438268751e+00 2.124705685552475298e+00 2.248316691860743344e+00 2.315811313665483429e+00 2.336796398348790049e+00 2.320446854627504329e+00 2.251079168413897325e+00 2.026008487396206981e+00 2.026008487396206981e+00 2.251079168413897325e+00 2.320446854627504329e+00 2.336796398348790049e+00 2.315811313665483429e+00 2.248316691860743344e+00 2.124705685552475742e+00 1.904682086438268751e+00 1.512159469331468831e+00 -5.096526404355472550e-01
-4.941263863456457628e-01 1.527685723421370323e+00 1.920208340528170243e+00 2.140231939642376791e+00 2.263842945950644836e+00 2.331337567755384921e+00 2.352322652438691541e+00 2.335973108717405822e+00 2.266605422503798817e+00 2.041534741486108473e+00 2.041534741486108473e+00 2.266605422503798817e+00 2.335973108717405822e+00 2.352322652438691541e+00 2.331337567755384921e+00 2.263842945950644836e+00 2.140231939642377235e+00 1.920208340528170243e+00 1.527685723421370323e+00 -4.941263863456457628e-01
-5.204162241040921622e-01 1.501395885662923924e+00 1.893918502769723844e+00 2.113942101883930391e+00 2.237553108192198437e+00 2.305047729996938521e+00 2.326032814680245586e+00 2.309683270958959422e+00 2.240315584745352417e+00 2.015244903727662074e+00 2.015244903727662074e+00 2.240315584745352417e+00 2.309683270958959422e+00 2.326032814680245142e+00 2.305047729996938521e+00 2.237553108192198437e+00 2.113942101883930835e+00 1.893918502769723844e+00 1.501395885662923924e+00 -5.204162241040921622e-01
-5.922761908430034250e-01 1.429535918924012661e+00 1.822058536030812581e+00 2.042082135145019350e+00 2.165693141453287396e+00 2.233187763258027481e+00 2.254172847941334101e+00 2.237823304220047937e+00 2.168455618006441377e+00 1.943384936988750811e+00 1.943384936988750811e+00 2.168455618006441377e+00 2.237823304220047937e+00 2.254172847941333657e+00 2.233187763258027481e+00 2.165693141453287396e+00 2.042082135145019350e+00 1.822058536030812581e+00 1.429535918924012661e+00 -5.922761908430034250e-01
-7.352249902308047869e-01 1.286587119536211299e+00 1.679109736643011219e+00 1.899133335757217766e+00 2.022744342065485590e+00 2.090238963870225675e+00 2.111224048553532739e+00 2.094874504832247020e+00 2.025506818618639571e+00 1.800436137600949449e+00 1.800436137600949449e+00 2.025506818618639571e+00 2.094874504832247020e+00 2.111224048553532739e+00 2.090238963870225675e+00 2.022744342065485590e+00 1.899133335757218211e+00 1.679109736643011219e+00 1.286587119536211299e+00 -7.352249902308047869e-01
-1.029634855119849313e+00 9.921772546471667731e-01 1.384699871753966693e+00 1.604723470868173241e+00 1.728334477176441286e+00 1.795829098981181371e+00 1.816814183664488214e+00 1.800464639943202272e+00 1.731096953729595267e+00 1.506026272711904923e+00 1.506026272711904923e+00 1.731096953729595267e+00 1.800464639943202272e+00 1.816814183664487992e+00 1.795829098981181371e+00 1.728334477176441286e+00 1.604723470868173685e+00 1.384699871753966693e+00 9.921772546471667731e-01 -1.029634855119849313e+00
-2.253340208071420214e+00 -2.315280983044041285e-01 1.609945188023957918e-01 3.810181179166023391e-01 5.046291242248703846e-01 5.721237460296104693e-01 5.931088307129173121e-01 5.767592869916313703e-01 5.073916007780243653e-01 2.823209197603340215e-01 2.823209197603340215e-01 5.073916007780243653e-01 5.767592869916313703e-01 5.931088307129170900e-01 5.721237460296104693e-01 5.046291242248703846e-01 3.810181179166027832e-01 1.609945188023957918e-01 -2.315280983044041285e-01 -2.253340208071420214e+00
