-5.238681014565392147e+00
-2.803595774074809199e+00
-2.269338958669386841e+00
-1.937547661673116650e+00
-1.691244806604847994e+00
-1.503413472723764244e+00
-1.344240126221725617e+00
-1.209933669681877433e+00
-1.098458202723405108e+00
-9.976011484855682454e-01
-9.064109763082708326e-01
-8.251184679640459763e-01
-7.556210718152982508e-01
-6.850702049916179703e-01
-6.226770279541788966e-01
-5.647277787820019768e-01
-5.137759339842276063e-01
-4.660960044147177683e-01
-4.185524276546566114e-01
-3.728745740678203191e-01
-3.331651870541918470e-01
-2.901390516049549007e-01
-2.577519346070378248e-01
-2.245576620991958094e-01
-1.921692054411252570e-01
-1.650096029716419110e-01
-1.283267608844376184e-01
-1.010311574965960801e-01
-7.833458299218065690e-02
-5.161368750063921595e-02
-2.636059742367535819e-02
-7.006508106369935263e-03
2.052021803617343210e-02
2.906727861463309637e-02
5.846750562093205872e-02
7.577774151135407976e-02
9.336363111563983352e-02
1.143589046896895667e-01
1.260067579563575180e-01
1.525711871421009391e-01
1.638269741577911276e-01
1.797435493792036709e-01
1.959824432518377790e-01
2.038748355866299988e-01
2.265270466620972201e-01
2.362287908628655231e-01
2.522291322093064281e-01
2.580686151055093802e-01
2.701186969600826160e-01
2.826694713689796856e-01
2.973045163250205292e-01
3.032575578257450388e-01
3.151126520776141859e-01
3.221661692528581256e-01
3.228533954632215597e-01
3.431415381648985630e-01
3.467434722921591828e-01
3.550381889152429693e-01
3.686318580628160646e-01
3.640800721255068595e-01
3.713084778566795308e-01
3.797713707941614558e-01
3.808765659735851017e-01
3.926410226572727424e-01
3.989000387460954755e-01
3.974440298057650978e-01
3.981320607413731949e-01
4.105714566764824269e-01
4.102096791389211461e-01
4.188070506461176734e-01
4.088709012429969647e-01
4.177536370839209923e-01
4.237648652795975579e-01
4.216486920489561641e-01
4.242538495603476179e-01
4.280516067809614356e-01
4.183342278175281592e-01
4.171329129758465371e-01
4.243081959096439704e-01
4.227469153426923754e-01
4.156770731845824685e-01
4.153134441629795504e-01
4.203892545665723901e-01
4.067058775442973229e-01
4.179966340476539699e-01
4.106652722217880580e-01
4.157444264051015637e-01
4.115368371381453727e-01
4.065590395663942758e-01
4.096605634023333664e-01
4.060252649667290825e-01
4.076007202385873995e-01
4.157444264051015637e-01
4.052118068583023813e-01
4.044123291411327870e-01
4.051851473008483140e-01
3.983703356322987332e-01
3.921935659149244913e-01
4.020442990860715327e-01
3.946306797355614293e-01
3.985954251725427611e-01
3.968622193008979337e-01
3.901956157773973644e-01
3.978012175514091808e-01
3.901430920103798883e-01
4.045854950811573758e-01
4.033074375543659329e-01
4.077477112657170721e-01
4.091786614868180294e-01
4.094999036258410996e-01
4.143444127147599687e-01
4.109601783901446481e-01
4.085899854556895860e-01
4.272336665813138978e-01
4.261985684950779785e-01
4.281743555348747066e-01
4.373961886447688130e-01
4.333434564369635922e-01
4.416727650776746117e-01
4.481082042723336656e-01
4.521235460213919310e-01
4.556362253545280794e-01
4.574042250292880141e-01
4.625435251479430576e-01
4.751439290904020396e-01
4.666173691016712866e-01
4.753440863574933672e-01
4.757731297403609005e-01
4.803898239626480660e-01
4.870078291283057581e-01
4.911973035994137149e-01
4.932476914919234900e-01
4.940486293601207279e-01
5.084580582919127067e-01
5.265786838610040377e-01
5.400332284253668291e-01
5.474588724796074501e-01
5.577153726467951600e-01
5.653052757531362715e-01
5.834441074680007944e-01
5.991954988540246774e-01
6.039648285096141933e-01
6.156759815106536138e-01
6.261782818506649306e-01
6.386926658763947273e-01
6.498152718445826537e-01
6.632863743037678006e-01
6.761720763539837975e-01
6.846147962121147401e-01
6.937518077545785644e-01
7.036016384638053012e-01
7.207056736433621325e-01
7.323038957611398558e-01
7.459293019989168272e-01
7.519257296399253221e-01
7.611690950068545902e-01
7.688482158369627228e-01
7.788890606715348497e-01
7.952537368313219446e-01
7.951552971009672177e-01
8.124113124981278133e-01
8.179346903692117365e-01
8.272832003791013022e-01
8.443835924755482836e-01
8.453767439506965076e-01
8.644364837394711287e-01
8.726354216530083363e-01
8.801516852582818018e-01
8.864730634649742314e-01
8.971855154684167388e-01
9.046915960308030691e-01
9.163574007631432039e-01
9.290833203396022810e-01
9.243005023886361471e-01
9.463834544035503171e-01
9.530008215040606245e-01
9.507901633938011798e-01
9.700431878734026014e-01
9.796329318522936092e-01
9.947809415928325905e-01
1.004612057380919410e+00
1.011749811652419950e+00
1.013193289951184184e+00
1.025808023113507161e+00
1.033798805336108018e+00
1.044300886686055918e+00
1.055450633290124784e+00
1.062653299413854668e+00
1.078652810928506511e+00
1.089322241761017551e+00
1.088635555523222109e+00
1.112981702635412518e+00
1.105542916749739035e+00
1.124107890234519402e+00
1.146850605133499457e+00
1.144056058266770037e+00
1.158220760273421135e+00
1.171211655749173630e+00
1.191458839034462258e+00
1.210960121834554926e+00
1.259344579860922408e+00
1.291194304399976289e+00
1.323123441389626009e+00
1.342196670887105370e+00
1.367555480229244225e+00
1.391784962477652599e+00
1.396659000009004004e+00
1.419478928510935489e+00
1.457651931065630180e+00
1.462551649947776866e+00
1.475489939924361948e+00
1.501999556981308714e+00
1.499010256443256139e+00
1.546525713041113193e+00
1.548321908097859634e+00
1.562808811840097789e+00
1.589504574726650077e+00
1.598212267526950114e+00
1.595009175781980204e+00
1.625341484269313241e+00
1.635690630244893029e+00
1.657135340523796074e+00
1.668386162369591474e+00
1.675102993828378573e+00
1.685359493995566282e+00
1.690551563733473373e+00
1.715242971331077726e+00
1.731429792864538797e+00
1.735202717832141417e+00
1.755363254036764076e+00
1.771904555717124907e+00
1.775046577573089479e+00
1.792880096896759312e+00
1.806101830943932285e+00
1.805344664872063021e+00
1.819116962795021664e+00
1.828866151852684752e+00
1.846567705723050068e+00
1.846004484080451036e+00
1.867287936987603203e+00
1.869648941222761707e+00
1.905689935568949167e+00
1.896586793724223341e+00
1.906168204245489051e+00
1.922020026395552250e+00
1.937880252916194479e+00
1.949302563458315873e+00
1.942954521229681930e+00
1.955439857271477067e+00
1.963449738953348955e+00
1.991642326967713927e+00
1.989300253162760157e+00
2.004029023990387515e+00
2.013038093932753014e+00
2.028596347674268330e+00
2.017439568194262733e+00
2.020921092867828506e+00
2.033134882137069610e+00
2.057740934552365175e+00
2.068655476541511717e+00
2.085969468976125896e+00
2.077700835366306009e+00
2.079619335261956081e+00
2.099372177168715936e+00
2.111560774583701061e+00
2.128445061941393490e+00
2.118931090966313491e+00
2.121894495120450586e+00
2.132936087453858320e+00
2.130912629649506229e+00
2.153475670406205467e+00
2.161008373203237909e+00
2.162243608440974185e+00
2.186324202867931277e+00
2.200349454683744099e+00
2.193312240516304357e+00
2.197864782223643232e+00
2.211648098001944618e+00
2.223486420525144780e+00
2.224636884946557203e+00
2.213841883159657797e+00
2.239965077679105576e+00
2.253244815614371177e+00
2.253244815614371177e+00
2.246666954150086326e+00
2.266188877802754575e+00
2.278174362947254394e+00
2.280954072867752203e+00
2.270828061380854024e+00
2.284352324732987327e+00
2.295410889246046082e+00
2.302140747285779554e+00
2.309900675624458444e+00
2.326422515807902158e+00
2.328883438528251304e+00
2.323695241390169031e+00
2.329248535282946619e+00
2.349909665001868930e+00
2.326695652787794444e+00
2.343036785714106784e+00
2.344055445801265236e+00
2.360214205830683198e+00
2.370340635050782296e+00
2.371577964480998446e+00
2.389063278822018077e+00
2.380090282151860137e+00
2.405578043177794001e+00
2.375490369872343521e+00
2.386159957320693081e+00
2.398998102914237762e+00
2.404101156186557731e+00
2.413988521686389888e+00
2.436192678997400662e+00
2.431732458729479518e+00
2.451549246134003823e+00
2.446301510676933688e+00
2.429005322046092985e+00
2.446609439855656376e+00
2.449282138815071619e+00
2.442307036169182766e+00
2.446712103990032361e+00
2.463588831104992494e+00
2.464633544948444666e+00
2.464633544948444666e+00
2.477467720691002739e+00
2.500819253048057078e+00
2.488111780736948830e+00
2.492293868222018816e+00
2.505381502977385821e+00
2.485226700998925509e+00
2.499627809636061571e+00
2.512593072692947516e+00
2.506361841817405178e+00
2.522179394797113616e+00
2.525839761592663990e+00
2.503967152526742623e+00
2.531858504683793143e+00
2.540729485321612913e+00
2.520630550588823127e+00
2.526395533295959339e+00
2.535666753013892105e+00
2.542761776864496781e+00
2.523508887569942516e+00
2.529848229269250126e+00
2.549793676090887473e+00
2.532753259245220434e+00
2.524951168842870075e+00
2.538926464774565517e+00
2.548883550885857829e+00
2.541180748867176931e+00
2.572121683877966802e+00
2.572470906860386819e+00
2.549679865130769940e+00
2.561586130565967068e+00
2.570726010238992387e+00
2.552414909570762447e+00
2.565740781666182357e+00
2.572121683877966802e+00
2.579832903301456426e+00
2.565509514320099882e+00
2.565047140019872884e+00
2.583122379951856118e+00
2.572121683877966802e+00
2.557678079615035571e+00
2.557563367828274536e+00
2.568984152979213675e+00
2.570145053968657223e+00
2.557678079615035571e+00
2.569680531837438053e+00
2.572238077988556526e+00
2.558596247933872192e+00
2.569912765930446596e+00
2.542874803143226003e+00
2.546498405794642039e+00
2.542422774657735474e+00
2.535330147120111732e+00
2.522843920239665749e+00
2.555500802641926583e+00
2.529513575911227719e+00
2.540616701246605658e+00
2.537576329555971455e+00
2.540052971596409748e+00
2.514459052050025178e+00
2.497033213585915234e+00
2.485226700998925509e+00
2.493584190981689375e+00
2.487683835935296628e+00
2.491649330655393513e+00
2.452581451015081626e+00
2.459420855914130399e+00
2.441081170247970888e+00
2.454752555512261125e+00
2.415181601963130475e+00
2.364838818857949221e+00
2.372435474895127072e+00
2.329979128922749609e+00
2.313578634468912654e+00
2.289427589389834594e+00
2.300808893592790838e+00
2.628499922344200712e+00
