-4.522013822137632033e+00
-2.259863434823458306e+00
-1.710901357522923050e+00
-1.361341351906229846e+00
-1.108094416087023859e+00
-9.109717057353492464e-01
-7.526334462899821887e-01
-6.090127031969156945e-01
-4.952267190780776929e-01
-3.878071790471580016e-01
-2.903838795632669445e-01
-2.141896445319240172e-01
-1.315261812648600426e-01
-6.637879730812734635e-02
3.725364194028912834e-03
5.593065859710577570e-02
1.143152653790870943e-01
1.607259055827032768e-01
2.125293687844376223e-01
2.639768476282977616e-01
3.032631575679474167e-01
3.494207895873415737e-01
3.834777100596724608e-01
4.201651569160400612e-01
4.522341888973340218e-01
4.914619930170793793e-01
5.205182175405003164e-01
5.478723785271650826e-01
5.748262343159176169e-01
5.937408421374978928e-01
6.249933856416021172e-01
6.601235860674403710e-01
6.834168217881373408e-01
6.915285609387513688e-01
7.228281711307023016e-01
7.320878567916295765e-01
7.662401353744527910e-01
7.895636148768581108e-01
8.127235586796714983e-01
8.192698094746369009e-01
8.363892434405713061e-01
8.430054423816084608e-01
8.624971738236464347e-01
8.848323962418991329e-01
9.039112418154271467e-01
9.194879536083444549e-01
9.383330911130780549e-01
9.422801479823075255e-01
9.646170922731247543e-01
9.657520821553848833e-01
9.727880838307623179e-01
9.977604332217122618e-01
1.007751550020049791e+00
1.011414274329435870e+00
1.024890375145572463e+00
1.050463417106920261e+00
1.053531316926992645e+00
1.061161017638241333e+00
1.074173064986071680e+00
1.080743136928706605e+00
1.107805197107474271e+00
1.100942452877147204e+00
1.090707869924028017e+00
1.114314298540586279e+00
1.119368004811352790e+00
1.122828415438966942e+00
1.132523420406537085e+00
1.143433259392837797e+00
1.153926908375668248e+00
1.155716457886894588e+00
1.172271632364171978e+00
1.178421376225873729e+00
1.184670630726046170e+00
1.168515190503761403e+00
1.179765955330779548e+00
1.186516103690761881e+00
1.195857051878936872e+00
1.194490676907021154e+00
1.212400855696227353e+00
1.211958643363931998e+00
1.211958643363931998e+00
1.213791940334084885e+00
1.219439342633696910e+00
1.222626088479072948e+00
1.232827967086461030e+00
1.227361188188814012e+00
1.237158237223438206e+00
1.234054050549190151e+00
1.252233407697099565e+00
1.258433546284699389e+00
1.253746914385516220e+00
1.265804831778352124e+00
1.248361376608423612e+00
1.249803432443009399e+00
1.266871854220369187e+00
1.260950937478339640e+00
1.264539219619408073e+00
1.262411276270889005e+00
1.254801141273693688e+00
1.267005312114601878e+00
1.268474525681945408e+00
1.266071480670005300e+00
1.288795900081833423e+00
1.280983094961731794e+00
1.269209942729967011e+00
1.278887437612031164e+00
1.275381973593615825e+00
1.269611307375129172e+00
1.275247393147949992e+00
1.280509497983899792e+00
1.267072047741441665e+00
1.271888754939993760e+00
1.286139494201398392e+00
1.275449270609017915e+00
1.281253822543757082e+00
1.255460597905347697e+00
1.269878973329618077e+00
1.267739649074734132e+00
1.275853147835832146e+00
1.274238616708121441e+00
1.263674196442735820e+00
1.265804831778352124e+00
1.266871854220369187e+00
1.250853508013674897e+00
1.259625204816979149e+00
1.254603389056576646e+00
1.256186502843679165e+00
1.256846873996252612e+00
1.256846873996252612e+00
1.258367384651807086e+00
1.233989482349006295e+00
1.241962817300780841e+00
1.240987048805729742e+00
1.235993037713047471e+00
1.236057735413066183e+00
1.228131159352937374e+00
1.222179332240989069e+00
1.234376954100707025e+00
1.218803210296723449e+00
1.212464044852987755e+00
1.216199290245512543e+00
1.199655431239484926e+00
1.204658881542611581e+00
1.207735903657042087e+00
1.191887315863123575e+00
1.196105684401350899e+00
1.187070410359714501e+00
1.182153979611074490e+00
1.172150236309393634e+00
1.168817606812353915e+00
1.162425882205623040e+00
1.163448223455926467e+00
1.154642343927557491e+00
1.157509215627719357e+00
1.127809313029619176e+00
1.128506298595384649e+00
1.118849974466213482e+00
1.128390100593859913e+00
1.114371583792513221e+00
1.107577575186500241e+00
1.098345781928967924e+00
1.090707869924028017e+00
1.086130691963543171e+00
1.084350143974766922e+00
1.063009547496431395e+00
1.065352298302340017e+00
1.049389187763097198e+00
1.035740010199187822e+00
1.023424713241658068e+00
1.010381163023126305e+00
1.013380131144639762e+00
1.000619474327848479e+00
9.902435102249302901e-01
9.720921895786016620e-01
9.646664128817512562e-01
9.504644112008406864e-01
9.361736258210786588e-01
9.333971759762444975e-01
9.149254941994460211e-01
9.039576573739314114e-01
8.870662190576847905e-01
8.669155417551070997e-01
8.571233239273929883e-01
8.289118459925415294e-01
8.307220352636726091e-01
8.033615369415745278e-01
7.899776935577236259e-01
7.667660572669472430e-01
7.380074695067087021e-01
7.241457454348552147e-01
6.914534971344821201e-01
6.689647951995958408e-01
6.468271514212471374e-01
6.074145700297837180e-01
5.668755595435257533e-01
5.311720097339662772e-01
4.791851553584383083e-01
4.033961901567231223e-01
3.142182442220224914e-01
1.018336893380187291e-01
1.018336893380187291e-01
3.142182442220224914e-01
4.033961901567231223e-01
4.791851553584383083e-01
5.311720097339662772e-01
5.668755595435257533e-01
6.074145700297837180e-01
6.468271514212471374e-01
6.689647951995958408e-01
6.914534971344821201e-01
7.241457454348552147e-01
7.380074695067087021e-01
7.667660572669472430e-01
7.899776935577236259e-01
8.033615369415745278e-01
8.307220352636726091e-01
8.289118459925415294e-01
8.571233239273929883e-01
8.669155417551070997e-01
8.870662190576847905e-01
9.039576573739314114e-01
9.149254941994460211e-01
9.333971759762444975e-01
9.361736258210786588e-01
9.504644112008406864e-01
9.646664128817512562e-01
9.720921895786016620e-01
9.902435102249302901e-01
1.000619474327848479e+00
1.013380131144639762e+00
1.010381163023126305e+00
1.023424713241658068e+00
1.035740010199187822e+00
1.049389187763097198e+00
1.065352298302340017e+00
1.063009547496431395e+00
1.084350143974766922e+00
1.086130691963543171e+00
1.090707869924028017e+00
1.098345781928967924e+00
1.107577575186500241e+00
1.114371583792513221e+00
1.128390100593859913e+00
1.118849974466213482e+00
1.128506298595384649e+00
1.127809313029619176e+00
1.157509215627719357e+00
1.154642343927557491e+00
1.163448223455926467e+00
1.162425882205623040e+00
1.168817606812353915e+00
1.172150236309393634e+00
1.182153979611074490e+00
1.187070410359714501e+00
1.196105684401350899e+00
1.191887315863123575e+00
1.207735903657042087e+00
1.204658881542611581e+00
1.199655431239484926e+00
1.216199290245512543e+00
1.212464044852987755e+00
1.218803210296723449e+00
1.234376954100707025e+00
1.222179332240989069e+00
1.228131159352937374e+00
1.236057735413066183e+00
1.235993037713047471e+00
1.240987048805729742e+00
1.241962817300780841e+00
1.233989482349006295e+00
1.258367384651807086e+00
1.256846873996252612e+00
1.256846873996252612e+00
1.256186502843679165e+00
1.254603389056576646e+00
1.259625204816979149e+00
1.250853508013674897e+00
1.266871854220369187e+00
1.265804831778352124e+00
1.263674196442735820e+00
1.274238616708121441e+00
1.275853147835832146e+00
1.267739649074734132e+00
1.269878973329618077e+00
1.255460597905347697e+00
1.281253822543757082e+00
1.275449270609017915e+00
1.286139494201398392e+00
1.271888754939993760e+00
1.267072047741441665e+00
1.280509497983899792e+00
1.275247393147949992e+00
1.269611307375129172e+00
1.275381973593615825e+00
1.278887437612031164e+00
1.269209942729967011e+00
1.280983094961731794e+00
1.288795900081833423e+00
1.266071480670005300e+00
1.268474525681945408e+00
1.267005312114601878e+00
1.254801141273693688e+00
1.262411276270889005e+00
1.264539219619408073e+00
1.260950937478339640e+00
1.266871854220369187e+00
1.249803432443009399e+00
1.248361376608423612e+00
1.265804831778352124e+00
1.253746914385516220e+00
1.258433546284699389e+00
1.252233407697099565e+00
1.234054050549190151e+00
1.237158237223438206e+00
1.227361188188814012e+00
1.232827967086461030e+00
1.222626088479072948e+00
1.219439342633696910e+00
1.213791940334084885e+00
1.211958643363931998e+00
1.211958643363931998e+00
1.212400855696227353e+00
1.194490676907021154e+00
1.195857051878936872e+00
1.186516103690761881e+00
1.179765955330779548e+00
1.168515190503761403e+00
1.184670630726046170e+00
1.178421376225873729e+00
1.172271632364171978e+00
1.155716457886894588e+00
1.153926908375668248e+00
1.143433259392837797e+00
1.132523420406537085e+00
1.122828415438966942e+00
1.119368004811352790e+00
1.114314298540586279e+00
1.090707869924028017e+00
1.100942452877147204e+00
1.107805197107474271e+00
1.080743136928706605e+00
1.074173064986071680e+00
1.061161017638241333e+00
1.053531316926992645e+00
1.050463417106920261e+00
1.024890375145572463e+00
1.011414274329435870e+00
1.007751550020049791e+00
9.977604332217122618e-01
9.727880838307623179e-01
9.657520821553848833e-01
9.646170922731247543e-01
9.422801479823075255e-01
9.383330911130780549e-01
9.194879536083444549e-01
9.039112418154271467e-01
8.848323962418991329e-01
8.624971738236464347e-01
8.430054423816084608e-01
8.363892434405713061e-01
8.192698094746369009e-01
8.127235586796714983e-01
7.895636148768581108e-01
7.662401353744527910e-01
7.320878567916295765e-01
7.228281711307023016e-01
6.915285609387513688e-01
6.834168217881373408e-01
6.601235860674403710e-01
6.249933856416021172e-01
5.937408421374978928e-01
5.748262343159176169e-01
5.478723785271650826e-01
5.205182175405003164e-01
4.914619930170793793e-01
4.522341888973340218e-01
4.201651569160400612e-01
3.834777100596724608e-01
3.494207895873415737e-01
3.032631575679474167e-01
2.639768476282977616e-01
2.125293687844376223e-01
1.607259055827032768e-01
1.143152653790870943e-01
5.593065859710577570e-02
3.725364194028912834e-03
-6.637879730812734635e-02
-1.315261812648600426e-01
-2.141896445319240172e-01
-2.903838795632669445e-01
-3.878071790471580016e-01
-4.952267190780776929e-01
-6.090127031969156945e-01
-7.526334462899821887e-01
-9.109717057353492464e-01
-1.108094416087023859e+00
-1.361341351906229846e+00
-1.710901357522923050e+00
-2.259863434823458306e+00
-4.522013822137632033e+00
