-4.517385893838826050e+00
-2.218542075351294329e+00
-1.665124612936319082e+00
-1.323423642396207356e+00
-1.074878355215892256e+00
-8.815871917487037024e-01
-7.218476773219340004e-01
-5.809141824146752953e-01
-4.549293068024908848e-01
-3.640859584289248829e-01
-2.644779045462612999e-01
-1.800776353911786032e-01
-1.096391861617025398e-01
-3.723915635313623795e-02
2.359879879744042341e-02
9.001946841721064629e-02
1.404754819273001942e-01
1.934614866971688940e-01
2.361310451106053421e-01
2.880967653413097906e-01
3.289743524788786289e-01
3.683966147812967051e-01
4.014665888878123923e-01
4.403498850458973379e-01
4.523978312391250256e-01
5.150555739395361599e-01
5.371662477717560336e-01
5.665838583410920393e-01
5.897271063057942797e-01
6.141115999598198982e-01
6.408443776081558241e-01
6.697353650756650012e-01
6.893873706498716558e-01
7.175143564121793105e-01
7.353954420616659604e-01
7.568836905932183612e-01
7.585285374821033599e-01
7.877372497398305029e-01
8.188167458794204379e-01
8.279791447109499103e-01
8.502590844841559914e-01
8.702567956670250737e-01
8.807595178661742352e-01
9.015883125176671342e-01
9.085943168596184449e-01
9.339863572018280991e-01
9.436837904005859201e-01
9.503451096873156700e-01
9.720856886276205699e-01
9.877973234173946793e-01
9.903185450235305609e-01
1.011121335729418647e+00
1.009004327357589048e+00
1.019172445985148556e+00
1.031956628465598769e+00
1.040236911850243473e+00
1.045202634988621426e+00
1.055268534923335721e+00
1.070529560363878474e+00
1.065920698354773322e+00
1.088685113030889440e+00
1.098200406068201573e+00
1.123962139611704103e+00
1.124796034268578993e+00
1.129491633543608486e+00
1.111599782464505637e+00
1.138949500248397584e+00
1.132138589477527546e+00
1.150470968362499846e+00
1.148497672977724093e+00
1.148760554156945446e+00
1.156546802665806339e+00
1.185853914273550913e+00
1.165062021760267186e+00
1.171227434669232181e+00
1.185308360522975946e+00
1.210856943387396356e+00
1.203540092515142490e+00
1.197517854399464454e+00
1.214219704017395429e+00
1.209389284040186752e+00
1.209040158595868775e+00
1.218227725414934071e+00
1.221686104836768649e+00
1.222393368463393415e+00
1.231276630518078008e+00
1.213237730171215389e+00
1.229493653901958083e+00
1.254018830033183818e+00
1.227642724349536252e+00
1.251174915183911551e+00
1.242258258911975943e+00
1.237434461804907571e+00
1.232205036226613259e+00
1.250883688388986670e+00
1.249356137628232943e+00
1.244208774249534244e+00
1.258043274787317145e+00
1.262525774852599980e+00
1.259363891266850999e+00
1.254091857381958164e+00
1.242835792858146604e+00
1.255992442749391813e+00
1.254018830033183818e+00
1.259363891266850999e+00
1.261789560433717483e+00
1.276617827382976245e+00
1.245366433014233110e+00
1.248629551822817874e+00
1.260245272153875717e+00
1.250810894940364904e+00
1.247540662019753555e+00
1.235282071821986349e+00
1.242835792858146604e+00
1.241681058318750530e+00
1.251102100533570294e+00
1.252194877388028260e+00
1.240743817343181732e+00
1.247032918926844758e+00
1.237075408266168353e+00
1.229849994995420914e+00
1.249574216355517464e+00
1.233134304673342285e+00
1.241392582909279341e+00
1.243702719657132860e+00
1.227429375843945181e+00
1.215202643084110079e+00
1.215975630719661638e+00
1.229778716617685674e+00
1.220061294334842117e+00
1.199590394001436522e+00
1.203956759187837733e+00
1.214079362988465860e+00
1.197448843668269092e+00
1.199521240099400643e+00
1.197793944958920775e+00
1.203193002858400362e+00
1.181973322550080141e+00
1.181022493899254400e+00
1.177228194340704803e+00
1.177498738813103074e+00
1.183537363533970321e+00
1.169078629115043455e+00
1.141752174398439124e+00
1.143646794897888341e+00
1.151854595662795688e+00
1.136349394779392341e+00
1.139535456839269045e+00
1.133497065605842735e+00
1.127559265792553944e+00
1.114263237650565230e+00
1.085903642003774650e+00
1.123128939755780209e+00
1.107554776317090983e+00
1.093960205165123156e+00
1.081039250157660447e+00
1.092095228869254697e+00
1.076871045030024732e+00
1.046566608513650465e+00
1.066041712453062118e+00
1.038646009119508662e+00
1.030554021725221148e+00
1.021368978660200710e+00
1.021889917519549940e+00
1.011465057089356634e+00
1.000297486181626283e+00
9.949291801240445210e-01
9.953801384180458456e-01
9.642941540115756993e-01
9.599855656331559572e-01
9.417581412364040006e-01
9.460960781500151739e-01
9.244871037565154381e-01
9.280124027167211409e-01
9.043127596754114705e-01
8.944271565948387348e-01
8.713519224627201964e-01
8.690634781029835665e-01
8.397324161767052431e-01
8.265970403565425784e-01
8.157026544697494330e-01
8.153258469668216435e-01
7.919607330413267476e-01
7.725975002179215068e-01
7.479070887168699500e-01
7.222228660956613311e-01
7.026364725717488824e-01
6.821889281811408523e-01
6.745509147014470130e-01
6.403303302649394624e-01
6.070891800345066258e-01
5.817541644433070758e-01
5.599957370084780450e-01
5.132436004839853183e-01
4.902200599746855403e-01
4.306226205353791414e-01
3.766228822509809504e-01
3.148003208898817462e-01
2.074662479686608663e-01
-8.647162249411977086e-03
-8.647162249411977086e-03
2.074662479686608663e-01
3.148003208898817462e-01
3.766228822509809504e-01
4.306226205353791414e-01
4.902200599746855403e-01
5.132436004839853183e-01
5.599957370084780450e-01
5.817541644433070758e-01
6.070891800345066258e-01
6.403303302649394624e-01
6.745509147014470130e-01
6.821889281811408523e-01
7.026364725717488824e-01
7.222228660956613311e-01
7.479070887168699500e-01
7.725975002179215068e-01
7.919607330413267476e-01
8.153258469668216435e-01
8.157026544697494330e-01
8.265970403565425784e-01
8.397324161767052431e-01
8.690634781029835665e-01
8.713519224627201964e-01
8.944271565948387348e-01
9.043127596754114705e-01
9.280124027167211409e-01
9.244871037565154381e-01
9.460960781500151739e-01
9.417581412364040006e-01
9.599855656331559572e-01
9.642941540115756993e-01
9.953801384180458456e-01
9.949291801240445210e-01
1.000297486181626283e+00
1.011465057089356634e+00
1.021889917519549940e+00
1.021368978660200710e+00
1.030554021725221148e+00
1.038646009119508662e+00
1.066041712453062118e+00
1.046566608513650465e+00
1.076871045030024732e+00
1.092095228869254697e+00
1.081039250157660447e+00
1.093960205165123156e+00
1.107554776317090983e+00
1.123128939755780209e+00
1.085903642003774650e+00
1.114263237650565230e+00
1.127559265792553944e+00
1.133497065605842735e+00
1.139535456839269045e+00
1.136349394779392341e+00
1.151854595662795688e+00
1.143646794897888341e+00
1.141752174398439124e+00
1.169078629115043455e+00
1.183537363533970321e+00
1.177498738813103074e+00
1.177228194340704803e+00
1.181022493899254400e+00
1.181973322550080141e+00
1.203193002858400362e+00
1.197793944958920775e+00
1.199521240099400643e+00
1.197448843668269092e+00
1.214079362988465860e+00
1.203956759187837733e+00
1.199590394001436522e+00
1.220061294334842117e+00
1.229778716617685674e+00
1.215975630719661638e+00
1.215202643084110079e+00
1.227429375843945181e+00
1.243702719657132860e+00
1.241392582909279341e+00
1.233134304673342285e+00
1.249574216355517464e+00
1.229849994995420914e+00
1.237075408266168353e+00
1.247032918926844758e+00
1.240743817343181732e+00
1.252194877388028260e+00
1.251102100533570294e+00
1.241681058318750530e+00
1.242835792858146604e+00
1.235282071821986349e+00
1.247540662019753555e+00
1.250810894940364904e+00
1.260245272153875717e+00
1.248629551822817874e+00
1.245366433014233110e+00
1.276617827382976245e+00
1.261789560433717483e+00
1.259363891266850999e+00
1.254018830033183818e+00
1.255992442749391813e+00
1.242835792858146604e+00
1.254091857381958164e+00
1.259363891266850999e+00
1.262525774852599980e+00
1.258043274787317145e+00
1.244208774249534244e+00
1.249356137628232943e+00
1.250883688388986670e+00
1.232205036226613259e+00
1.237434461804907571e+00
1.242258258911975943e+00
1.251174915183911551e+00
1.227642724349536252e+00
1.254018830033183818e+00
1.229493653901958083e+00
1.213237730171215389e+00
1.231276630518078008e+00
1.222393368463393415e+00
1.221686104836768649e+00
1.218227725414934071e+00
1.209040158595868775e+00
1.209389284040186752e+00
1.214219704017395429e+00
1.197517854399464454e+00
1.203540092515142490e+00
1.210856943387396356e+00
1.185308360522975946e+00
1.171227434669232181e+00
1.165062021760267186e+00
1.185853914273550913e+00
1.156546802665806339e+00
1.148760554156945446e+00
1.148497672977724093e+00
1.150470968362499846e+00
1.132138589477527546e+00
1.138949500248397584e+00
1.111599782464505637e+00
1.129491633543608486e+00
1.124796034268578993e+00
1.123962139611704103e+00
1.098200406068201573e+00
1.088685113030889440e+00
1.065920698354773322e+00
1.070529560363878474e+00
1.055268534923335721e+00
1.045202634988621426e+00
1.040236911850243473e+00
1.031956628465598769e+00
1.019172445985148556e+00
1.009004327357589048e+00
1.011121335729418647e+00
9.903185450235305609e-01
9.877973234173946793e-01
9.720856886276205699e-01
9.503451096873156700e-01
9.436837904005859201e-01
9.339863572018280991e-01
9.085943168596184449e-01
9.015883125176671342e-01
8.807595178661742352e-01
8.702567956670250737e-01
8.502590844841559914e-01
8.279791447109499103e-01
8.188167458794204379e-01
7.877372497398305029e-01
7.585285374821033599e-01
7.568836905932183612e-01
7.353954420616659604e-01
7.175143564121793105e-01
6.893873706498716558e-01
6.697353650756650012e-01
6.408443776081558241e-01
6.141115999598198982e-01
5.897271063057942797e-01
5.665838583410920393e-01
5.371662477717560336e-01
5.150555739395361599e-01
4.523978312391250256e-01
4.403498850458973379e-01
4.014665888878123923e-01
3.683966147812967051e-01
3.289743524788786289e-01
2.880967653413097906e-01
2.361310451106053421e-01
1.934614866971688940e-01
1.404754819273001942e-01
9.001946841721064629e-02
2.359879879744042341e-02
-3.723915635313623795e-02
-1.096391861617025398e-01
-1.800776353911786032e-01
-2.644779045462612999e-01
-3.640859584289248829e-01
-4.549293068024908848e-01
-5.809141824146752953e-01
-7.218476773219340004e-01
-8.815871917487037024e-01
-1.074878355215892256e+00
-1.323423642396207356e+00
-1.665124612936319082e+00
-2.218542075351294329e+00
-4.517385893838826050e+00
