-5.260508577760264259e+00
-2.797857754034533073e+00
-2.268808223200428742e+00
-1.939678199303697781e+00
-1.691974492436747468e+00
-1.505970714429833990e+00
-1.350223561775120373e+00
-1.219616205786438812e+00
-1.102559156195789924e+00
-1.005391125348646497e+00
-9.165690931280661147e-01
-8.366724674451742061e-01
-7.618370728199934661e-01
-6.943304801847212104e-01
-6.373934267817986665e-01
-5.803591490733239766e-01
-5.270264783416447330e-01
-4.786858296285707581e-01
-4.333448315826853303e-01
-3.922690890363149663e-01
-3.534417227076165346e-01
-3.113829739470261870e-01
-2.779528971419242822e-01
-2.469100766815675030e-01
-2.106951909817951218e-01
-1.828214318356060630e-01
-1.517180089957772537e-01
-1.281891482138473037e-01
-9.916456030879849948e-02
-7.510747248680615940e-02
-5.017587030173586982e-02
-2.549619207290376721e-02
-1.116938947936674253e-02
1.887297955258127047e-02
3.408639634461074763e-02
4.946759357292584980e-02
7.422367115428407658e-02
9.163294911199848514e-02
1.038505451262263790e-01
1.199102966725575925e-01
1.378102481699343684e-01
1.510647794526587262e-01
1.627730794381925250e-01
1.774343188206088939e-01
1.908699907639128668e-01
2.035958584718393638e-01
2.108494346207319126e-01
2.296144424445198950e-01
2.381150672443546057e-01
2.426220311518534345e-01
2.580559585598578565e-01
2.697216638747903517e-01
2.784025936322329642e-01
2.936947792652446765e-01
2.910477299280813668e-01
3.021975812240480508e-01
3.046356421696110317e-01
3.091372644811851700e-01
3.185647372794893073e-01
3.267833260739685386e-01
3.299718102470698966e-01
3.386441936130619723e-01
3.412178793921114561e-01
3.386329693236991289e-01
3.477775009823513841e-01
3.438884690157824053e-01
3.497050047821748109e-01
3.532750159639554965e-01
3.554984933710123585e-01
3.504089023600851505e-01
3.527853752707255097e-01
3.566063748610730499e-01
3.595247149673923559e-01
3.497844522816055957e-01
3.556697350448043693e-01
3.526260090924449031e-01
3.470980915894266161e-01
3.534572690684587570e-01
3.431665939139385557e-01
3.415217640533381172e-01
3.500341855223982890e-01
3.457858742065624824e-01
3.413416731069247589e-01
3.384309536555765163e-01
3.399245891381301732e-01
3.400594630312454569e-01
3.334049455717469357e-01
3.316980512022986716e-01
3.343544806502105615e-01
3.353049182025387154e-01
3.366930610011209524e-01
3.345109611798822158e-01
3.402842932853502589e-01
3.268166026522525414e-01
3.362114706236205564e-01
3.334831085192000444e-01
3.276821825893314610e-01
3.279930864337181617e-01
3.375560237063250923e-01
3.297270367169922167e-01
3.354839251619132767e-01
3.371972994157221848e-01
3.390708099903747552e-01
3.424339725055336459e-01
3.489448978768212584e-01
3.469509470422806885e-01
3.600520685816679389e-01
3.584364945583917716e-01
3.674297125509244921e-01
3.690367514946117922e-01
3.684815108182224463e-01
3.842047203318745829e-01
3.885018019897330532e-01
3.929240766138519803e-01
3.993915893197836908e-01
4.054331086201532486e-01
4.120185349780065565e-01
4.176753506391772675e-01
4.166069485270078587e-01
4.269134889140335787e-01
4.412373739963122432e-01
4.394232131070925362e-01
4.475629161324707894e-01
4.509730646191325576e-01
4.603099649919872860e-01
4.671660589589308188e-01
4.758317799697202588e-01
4.783584336284878447e-01
4.851968641321757758e-01
4.955561314352223690e-01
5.046182626900055368e-01
5.051616941415506545e-01
5.118795122447483692e-01
5.380323942042064544e-01
5.470471057795673886e-01
5.627928293912436430e-01
5.777349530495641261e-01
5.855204347426035127e-01
6.069548055275433285e-01
6.107196265866328133e-01
6.311268273475434398e-01
6.462941294784219082e-01
6.643809253105228407e-01
6.782349230255437789e-01
6.821360264401832296e-01
6.997126864021101511e-01
7.116207714164382026e-01
7.201155807916634899e-01
7.407420593676281584e-01
7.585180480016120441e-01
7.675431941936299296e-01
7.749995246381917724e-01
7.848064331172590613e-01
7.972817812919661407e-01
8.180031706902095578e-01
8.274377184051555645e-01
8.402375100887535808e-01
8.491368836877644100e-01
8.618025465900842619e-01
8.724843949369454066e-01
8.930039850989643924e-01
8.996499607260286524e-01
9.084614607598204827e-01
9.356366634716923869e-01
9.365546655557643874e-01
9.449783137384084597e-01
9.596367423778353611e-01
9.699025013228030900e-01
9.798270886795261703e-01
9.966551579601770072e-01
1.003898650395671055e+00
1.014719770265527288e+00
1.022985470545117792e+00
1.042716004311927236e+00
1.059514660012490950e+00
1.063121600339201223e+00
1.076529909041969546e+00
1.096734053656335917e+00
1.095393474612775364e+00
1.113498541164643640e+00
1.126666143910686202e+00
1.124250147863323335e+00
1.144371450968181492e+00
1.156275300384390192e+00
1.173482397327935800e+00
1.192149640860359128e+00
1.199210827224442610e+00
1.196586814692672363e+00
1.219858313556159146e+00
1.232289977707715423e+00
1.245739689559295371e+00
1.242990871346664861e+00
1.263269974263268480e+00
1.279673839602951446e+00
1.299837804681388320e+00
1.322516128928727497e+00
1.330110644365072758e+00
1.340908078826927863e+00
1.366679986836313532e+00
1.390977309024272301e+00
1.439458878838530964e+00
1.461673294448855742e+00
1.485063315594993938e+00
1.511549241614988048e+00
1.538420425198818720e+00
1.550414571984639167e+00
1.578171830560100020e+00
1.582834930639565485e+00
1.616583380594970976e+00
1.635125019370084587e+00
1.657200604633686680e+00
1.670972948551895598e+00
1.690604584852760439e+00
1.707535974774085474e+00
1.722382671450233715e+00
1.738681368555257123e+00
1.751692960014970879e+00
1.777194061668751601e+00
1.802246263952236305e+00
1.813955999625145310e+00
1.817939187011440083e+00
1.841117794770596561e+00
1.845464089579323286e+00
1.859901274403272353e+00
1.883295978292810702e+00
1.884769895493896286e+00
1.901449343047110219e+00
1.910002610716894367e+00
1.927606684157419537e+00
1.949002926765560417e+00
1.949789664653851062e+00
1.963202808956747702e+00
1.985208305207224910e+00
1.990991200495951574e+00
1.992574175059200314e+00
2.010214031056133166e+00
2.041575591958100233e+00
2.033046624778553024e+00
2.046889166400120530e+00
2.057789644944735485e+00
2.074398280328139776e+00
2.093297087970276138e+00
2.099480997017561634e+00
2.115607724663895794e+00
2.120863716272122446e+00
2.139650250000279641e+00
2.144829490145340856e+00
2.147497709153858736e+00
2.153268937814074135e+00
2.161849711521020012e+00
2.186474566312485379e+00
2.185620169678097469e+00
2.201401287659729533e+00
2.219421107733309029e+00
2.229260284575856232e+00
2.244542625600175256e+00
2.247718191553204292e+00
2.267758635842000103e+00
2.267604124098799190e+00
2.284038155707467155e+00
2.288839991202372914e+00
2.303065208230922423e+00
2.311424041661249262e+00
2.334034481267634575e+00
2.316765156567878847e+00
2.340245424176721656e+00
2.343240434734978450e+00
2.362674857871956746e+00
2.365567492184313281e+00
2.367955960435713436e+00
2.380330441618898618e+00
2.400859662262385896e+00
2.397335429539856122e+00
2.426516994237307046e+00
2.430236662849033280e+00
2.427422955524130899e+00
2.434609050940771624e+00
2.433787770609898260e+00
2.447287218001692466e+00
2.472661923371562764e+00
2.467931545582038311e+00
2.460971397092976076e+00
2.497627214197379431e+00
2.502012117690938453e+00
2.512615005162871284e+00
2.515481327856704752e+00
2.502989157338765480e+00
2.548076507972162119e+00
2.522334411240239049e+00
2.542569661504280987e+00
2.546339598212378874e+00
2.551969955513481381e+00
2.560941400063999396e+00
2.570935237146333208e+00
2.579973659160650357e+00
2.602609688644212937e+00
2.603365914035407513e+00
2.613576734881450037e+00
2.605963037018860007e+00
2.619050801539627216e+00
2.634428061231595564e+00
2.625659482933304645e+00
2.643836732788583888e+00
2.668214292605009419e+00
2.670870029977924887e+00
2.641251735563793446e+00
2.680279404156852507e+00
2.646654112237134981e+00
2.676667819873541632e+00
2.679462744250296069e+00
2.691547129003195593e+00
2.714350003250737942e+00
2.718585503017592941e+00
2.702585161671150260e+00
2.736943624757190108e+00
2.737437817996800860e+00
2.732383878117662590e+00
2.736696619692331467e+00
2.766018354457434825e+00
2.738303244273229353e+00
2.758922531475965556e+00
2.777786205787107221e+00
2.802800537648019841e+00
2.786833701909582572e+00
2.790475745477539959e+00
2.799113412059211825e+00
2.781524527897714094e+00
2.783334249177565667e+00
2.791910185314034010e+00
2.819428789085598908e+00
2.810614629458035196e+00
2.859384849669986295e+00
2.814477952720459086e+00
2.825213428879187916e+00
2.849521603772394940e+00
2.855761657300565304e+00
2.845933908465594797e+00
2.846485024489464166e+00
2.834702452227658043e+00
2.873868685797150491e+00
2.866811493487150031e+00
2.884262457731987084e+00
2.873585439796105589e+00
2.901149631068042467e+00
2.878553865092239761e+00
2.882260741307240082e+00
2.884119345030489612e+00
2.898823372385967545e+00
2.885408097267285754e+00
2.916255880052212035e+00
2.914779211148324833e+00
2.927251533183795829e+00
2.938822779580910094e+00
2.921590016273723833e+00
2.931443783671628722e+00
2.940941103871299589e+00
2.927400954177722170e+00
2.935503024004518124e+00
2.940789646089866594e+00
2.944582989535435402e+00
2.948390777244940253e+00
2.955742625337832052e+00
2.984752769510981452e+00
2.943975086781152939e+00
2.930394072245855241e+00
2.966406508172163115e+00
2.968584141634977414e+00
2.999097931030291875e+00
2.983961817955075091e+00
2.984436313812139474e+00
2.967339199052771548e+00
2.984278123508874003e+00
2.991262278882539150e+00
2.978757169348028810e+00
2.981277252584405346e+00
3.000222338826855406e+00
2.981277252584405346e+00
2.967494732142750280e+00
2.974675531028379893e+00
2.981434968853164946e+00
2.979071832660883601e+00
2.974832209446248044e+00
2.993973820539126862e+00
2.975929646257810646e+00
2.978914488627831147e+00
2.962684419507789713e+00
2.993015966059761723e+00
2.983487547137553264e+00
2.972640942330592395e+00
2.990625336185845029e+00
2.979071832660883601e+00
2.991262278882539150e+00
2.977656626826760800e+00
2.966717308485465665e+00
2.985227640908904689e+00
2.967650289427034238e+00
2.971078686115333767e+00
3.012349579377428199e+00
3.077029100639963488e+00
3.652123313988816733e+00
