-5.021391707457407705e+00 -2.578318057274652464e+00 -2.166264622158138309e+00 -1.954003129687963636e+00 -1.845110018034253674e+00 -1.823981566221574369e+00 -1.857587902708209615e+00 -1.833486025287532684e+00 -1.797850401366008821e+00 -1.838312582685342367e+00 -1.628264529376584502e+00 -1.388945071087934302e+00 -1.261532758014981104e+00 -1.180315778171294960e+00 -1.135886056489838314e+00 -1.133453191667264548e+00 -1.173344463915830360e+00 -1.279000193000948471e+00 -1.508560290353990307e+00 -2.446145928193419472e+00
-2.514358562560867760e+00 -7.128491237811207526e-02 3.407685227384020799e-01 5.530300152085767529e-01 6.619231268622867148e-01 6.830515786749660201e-01 6.494452421883307736e-01 6.735471196090077051e-01 7.091827435305315674e-01 6.687205622111980219e-01 8.787686155199558868e-01 1.118088073808606087e+00 1.245500386881559285e+00 1.326717366725245428e+00 1.371147088406702075e+00 1.373579953229275841e+00 1.333688680980710028e+00 1.228032951895591918e+00 9.984728545425500812e-01 6.088721670312091661e-02
-2.166177040508230789e+00 2.768966096745248961e-01 6.889500447910390513e-01 9.012115372612137243e-01 1.010104648914923686e+00 1.031233100727602991e+00 9.976267642409677450e-01 1.021728641661644676e+00 1.057364265583168539e+00 1.016902084263834993e+00 1.226950137572592858e+00 1.466269595861243058e+00 1.593681908934196256e+00 1.674898888777882400e+00 1.719328610459339046e+00 1.721761475281912812e+00 1.681870203033347000e+00 1.576214473948228889e+00 1.346654376595187053e+00 4.090687387557578880e-01
-2.036474177633659899e+00 4.065994725490957862e-01 8.186529076656099413e-01 1.030914400135784614e+00 1.139807511789494576e+00 1.160935963602173882e+00 1.127329627115538635e+00 1.151431504536215567e+00 1.187067128457739429e+00 1.146604947138405883e+00 1.356653000447163748e+00 1.595972458735813948e+00 1.723384771808767146e+00 1.804601751652453290e+00 1.849031473333909936e+00 1.851464338156483702e+00 1.811573065907917890e+00 1.705917336822799779e+00 1.476357239469757943e+00 5.387716016303287780e-01
-2.036559067532514700e+00 4.065145826502409854e-01 8.185680177667551405e-01 1.030829510236929814e+00 1.139722621890639775e+00 1.160851073703319081e+00 1.127244737216683834e+00 1.151346614637360766e+00 1.186982238558884628e+00 1.146520057239551083e+00 1.356568110548308947e+00 1.595887568836959147e+00 1.723299881909912346e+00 1.804516861753598489e+00 1.848946583435055135e+00 1.851379448257628901e+00 1.811488176009063089e+00 1.705832446923944978e+00 1.476272349570903142e+00 5.386867117314739772e-01
-2.030558285938266039e+00 4.125153642444896462e-01 8.245687993610038014e-01 1.036830291831178474e+00 1.145723403484888436e+00 1.166851855297567742e+00 1.133245518810932495e+00 1.157347396231609427e+00 1.192983020153133289e+00 1.152520838833799743e+00 1.362568892142557608e+00 1.601888350431207808e+00 1.729300663504161006e+00 1.810517643347847150e+00 1.854947365029303796e+00 1.857380229851877562e+00 1.817488957603311750e+00 1.711833228518193639e+00 1.482273131165151803e+00 5.446874933257226381e-01
-1.945591904431583696e+00 4.974817457511719887e-01 9.095351808676861438e-01 1.121796673337860817e+00 1.230689784991570779e+00 1.251818236804250084e+00 1.218211900317614838e+00 1.242313777738291769e+00 1.277949401659815631e+00 1.237487220340482086e+00 1.447535273649239951e+00 1.686854731937890151e+00 1.814267045010843349e+00 1.895484024854529492e+00 1.939913746535986139e+00 1.942346611358559905e+00 1.902455339109994092e+00 1.796799610024875982e+00 1.567239512671834145e+00 6.296538748324049806e-01
-1.746348824546458456e+00 6.967248256362972292e-01 1.108778260752811384e+00 1.321039753222986057e+00 1.429932864876696019e+00 1.451061316689375325e+00 1.417454980202740078e+00 1.441556857623417010e+00 1.477192481544940872e+00 1.436730300225607326e+00 1.646778353534365191e+00 1.886097811823015391e+00 2.013510124895968367e+00 2.094727104739654955e+00 2.139156826421111379e+00 2.141589691243685145e+00 2.101698418995119333e+00 1.996042689910001222e+00 1.766482592556959386e+00 8.288969547175302210e-01
-1.545194357467499113e+00 8.978792927152565717e-01 1.309932727831770727e+00 1.522194220301945400e+00 1.631087331955655362e+00 1.652215783768334667e+00 1.618609447281699421e+00 1.642711324702376352e+00 1.678346948623900214e+00 1.637884767304566669e+00 1.847932820613324534e+00 2.087252278901974734e+00 2.214664591974927710e+00 2.295881571818614297e+00 2.340311293500070722e+00 2.342744158322644488e+00 2.302852886074078675e+00 2.197197156988960565e+00 1.967637059635918728e+00 1.030051421796489564e+00
-1.352795449325065791e+00 1.090278200857689894e+00 1.502331635974204049e+00 1.714593128444378722e+00 1.823486240098088684e+00 1.844614691910767990e+00 1.811008355424132743e+00 1.835110232844809675e+00 1.870745856766333537e+00 1.830283675446999991e+00 2.040331728755758078e+00 2.279651187044407834e+00 2.407063500117361254e+00 2.488280479961047398e+00 2.532710201642504266e+00 2.535143066465077588e+00 2.495251794216511776e+00 2.389596065131393665e+00 2.160035967778352273e+00 1.222450329938922886e+00
-9.877435181140303833e-01 1.455330132068725302e+00 1.867383567185239457e+00 2.079645059655414130e+00 2.188538171309124092e+00 2.209666623121803397e+00 2.176060286635168151e+00 2.200162164055845082e+00 2.235797787977368944e+00 2.195335606658035399e+00 2.405383659966793264e+00 2.644703118255443464e+00 2.772115431328396440e+00 2.853332411172083027e+00 2.897762132853539452e+00 2.900194997676113218e+00 2.860303725427547406e+00 2.754647996342429295e+00 2.525087898989387458e+00 1.587502261149958294e+00
-6.915734154005810375e-01 1.751500234782174648e+00 2.163553669898688803e+00 2.375815162368863476e+00 2.484708274022573438e+00 2.505836725835252743e+00 2.472230389348617496e+00 2.496332266769294428e+00 2.531967890690818290e+00 2.491505709371484745e+00 2.701553762680242610e+00 2.940873220968892809e+00 3.068285534041845786e+00 3.149502513885532373e+00 3.193932235566988798e+00 3.196365100389562564e+00 3.156473828140996751e+00 3.050818099055878641e+00 2.821258001702836804e+00 1.883672363863407639e+00
-4.724775456552496866e-01 1.970596104527505998e+00 2.382649539644019931e+00 2.594911032114194605e+00 2.703804143767905011e+00 2.724932595580583872e+00 2.691326259093949069e+00 2.715428136514625557e+00 2.751063760436149863e+00 2.710601579116816318e+00 2.920649632425574183e+00 3.159969090714223938e+00 3.287381403787177359e+00 3.368598383630863502e+00 3.413028105312320371e+00 3.415460970134893692e+00 3.375569697886327880e+00 3.269913968801209769e+00 3.040353871448168377e+00 2.102768233608738768e+00
-2.956355383973576778e-01 2.147438111785398007e+00 2.559491546901912162e+00 2.771753039372086835e+00 2.880646151025796797e+00 2.901774602838476103e+00 2.868168266351840856e+00 2.892270143772517788e+00 2.927905767694041650e+00 2.887443586374708104e+00 3.097491639683465969e+00 3.336811097972116169e+00 3.464223411045069589e+00 3.545440390888755289e+00 3.589870112570212157e+00 3.592302977392785923e+00 3.552411705144220111e+00 3.446755976059102000e+00 3.217195878706060164e+00 2.279610240866630999e+00
-1.541735120581835261e-01 2.288900138124572159e+00 2.700953573241086314e+00 2.913215065711260987e+00 3.022108177364970949e+00 3.043236629177650254e+00 3.009630292691015008e+00 3.033732170111691939e+00 3.069367794033215802e+00 3.028905612713882256e+00 3.238953666022640121e+00 3.478273124311290321e+00 3.605685437384243741e+00 3.686902417227929440e+00 3.731332138909386309e+00 3.733765003731960075e+00 3.693873731483394263e+00 3.588218002398276152e+00 3.358657905045234315e+00 2.421072267205805151e+00
-3.851939254187364270e-02 2.404554257640882042e+00 2.816607692757396197e+00 3.028869185227570870e+00 3.137762296881280832e+00 3.158890748693960138e+00 3.125284412207324891e+00 3.149386289628001823e+00 3.185021913549525685e+00 3.144559732230192139e+00 3.354607785538950004e+00 3.593927243827600204e+00 3.721339556900553625e+00 3.802556536744239324e+00 3.846986258425696192e+00 3.849419123248269958e+00 3.809527850999704146e+00 3.703872121914586035e+00 3.474312024561544199e+00 2.536726386722115034e+00
5.401755674096975213e-02 2.497091206923725437e+00 2.909144642040239592e+00 3.121406134510414265e+00 3.230299246164124227e+00 3.251427697976803532e+00 3.217821361490168286e+00 3.241923238910845217e+00 3.277558862832369080e+00 3.237096681513035534e+00 3.447144734821793399e+00 3.686464193110443599e+00 3.813876506183397019e+00 3.895093486027082719e+00 3.939523207708539587e+00 3.941956072531113353e+00 3.902064800282547541e+00 3.796409071197429430e+00 3.566848973844387594e+00 2.629263336004958429e+00
1.067621293394265258e-01 2.549835779522182211e+00 2.961889214638696366e+00 3.174150707108871039e+00 3.283043818762581001e+00 3.304172270575260306e+00 3.270565934088625060e+00 3.294667811509301991e+00 3.330303435430825854e+00 3.289841254111492308e+00 3.499889307420250173e+00 3.739208765708900373e+00 3.866621078781853349e+00 3.947838058625539936e+00 3.992267780306996361e+00 3.994700645129570127e+00 3.954809372881004315e+00 3.849153643795886204e+00 3.619593546442844367e+00 2.682007908603415203e+00
1.111778789505506460e-01 2.554251529133306331e+00 2.966304964249820486e+00 3.178566456719995159e+00 3.287459568373705121e+00 3.308588020186384426e+00 3.274981683699749180e+00 3.299083561120426111e+00 3.334719185041949974e+00 3.294257003722616428e+00 3.504305057031374293e+00 3.743624515320024493e+00 3.871036828392977469e+00 3.952253808236664057e+00 3.996683529918120481e+00 3.999116394740694247e+00 3.959225122492128435e+00 3.853569393407010324e+00 3.624009296053968487e+00 2.686423658214539323e+00
-5.018041226615643779e-03 2.438055608956140041e+00 2.850109044072654196e+00 3.062370536542828869e+00 3.171263648196538831e+00 3.192392100009218137e+00 3.158785763522582890e+00 3.182887640943259822e+00 3.218523264864783684e+00 3.178061083545450138e+00 3.388109136854208003e+00 3.627428595142858203e+00 3.754840908215811623e+00 3.836057888059497323e+00 3.880487609740954191e+00 3.882920474563527957e+00 3.843029202314962145e+00 3.737373473229844034e+00 3.507813375876802198e+00 2.570227738037373033e+00
